319675.19052391633 942058.5892641965
100888.2147775917 572478.5788980921
151707.62189815124 849723.2899794639
260139.3413370253 554256.704070706
756342.3309839398 643731.3709607077
791792.4881303218 676942.490855616
535986.4815576805 336818.417590565
558161.6329610231 239795.60621610007
172376.96976066186 111841.80051982307
681986.0198455055 419569.3376725723
794770.1850091111 379953.96720186627
107088.54044869942 390079.94726691995
363302.744869782 478280.7925527455
982592.7950239201 265384.3966403543
620123.2869204546 180492.0176136213
253197.44775033093 650035.617770462
662726.5036349575 22264.51948414465
860800.0917535932 45731.86215025393
358876.7420278689 982759.4744611051
182342.76789393212 91463.91989455838
150370.50801923368 649192.8049191401
792457.8823793577 508443.1036390601
987160.1473450128 683454.1483100508
310251.76816920895 739218.6387021309
19475.59768394036 344048.1434120347
395967.8383311903 406913.1716161911
373719.26404556877 242048.44413302507
905244.3661410297 491644.87364056206
523926.22195130703 314560.4178448683
622240.973613308 783964.896662203
377849.09911528963 845698.8277133747
390526.084883927 601446.9330071354
571691.0292453993 492678.6479180878
397308.28304811486 549305.3130200888
75087.7751649931 561735.2488349457
319287.81393572123 266730.092772973
130469.32728253424 592412.6025544332
594264.0217945804 485156.563500005
105308.78667935517 81118.23032553445
368810.21667427913 440677.5567465596
112782.12647104725 250294.75284569836
522919.5849081555 129877.57620585572
765371.2670501786 852432.2085801983
695790.0346782039 698207.0813487062
42391.91192052139 8893.367110199057
793609.1399605353 458340.7504267012
39553.8642824772 144315.67341885655
612690.131698738 576028.7935369641
442295.98977330595 756959.2135024157
188492.83842737364 533150.9801518761
17754.848751852292 285112.6420538846
263815.06796186336 788144.5562404486
226764.59998770637 21013.010235545913
188167.83328699405 132869.07892731292
854401.9027779391 55047.26589612641
234982.88912794695 368113.77454241045
289676.5744048325 94448.15560801445
288299.7354344217 266968.6319938297
356753.92484276637 463640.3997396634
172738.7880923129 601947.3911035373
190342.76611250677 344168.3378814124
111002.19400753586 679127.0921622972
978740.6379188319 460208.3812219022
391959.1926389398 220847.13039658076
709379.3657673941 560792.8650282968
576678.9499707335 370852.55526268866
480246.3853917313 594238.5221943022
281307.279605351 918356.125199621
676453.5714938227 794861.9954064175
44076.009780736 738244.9768020894
290501.8853210869 172033.26073921644
222568.89937042847 91492.13926303301
938134.5071014594 38604.919747748936
370701.6266967528 703208.7536135626
16974.98017066501 12568.307940245328
826855.3374717515 560303.4430617081
452688.9935979661 348699.4726193704
159766.94861780526 867149.7695597928
141208.08110053584 204365.6042813041
68377.25344871992 45878.39476633671
