99301.7449464676 754990.8322406523
411737.35152661486 591252.6908994052
632153.4076710038 749710.0386462549
625462.954160128 676809.4634992832
903502.0215770913 449350.4129403527
834534.2221046218 948835.562573539
240216.08965832376 797705.4566839087
354750.0520495305 320412.6364019365
744141.504283331 608730.8313552031
45631.6515680244 280683.98662878
461780.6171041685 459198.6261423916
324481.2111883545 127342.89674513089
459179.5975849582 191485.55742127483
322055.16278839775 68486.30680574653
522975.3980392171 620622.9373744294
243453.38308862108 256563.44954777
413501.90812154894 410120.7293869793
705841.8906068831 314464.79993421695
878890.7549251065 944351.5618437978
341709.02817220625 97854.45227075573
