425177.8028029123 723048.4839419156
336604.1582220235 359241.3948042358
363215.8580934248 295291.7678734641
818456.4108404297 924677.3507581308
409551.22940747935 67316.39879558327
188498.20723861599 415502.74565649545
766758.126333921 284286.12134677346
751457.2329471536 101097.79478199099
421524.50364240276 298032.0779100968
324612.30281675514 985376.3602335858
876909.209721882 408083.70555023896
581930.8720124437 404894.03889295936
626361.8926477549 967729.533855449
57185.12127190145 921922.0503685548
452799.18835095223 978374.9110226389
641727.7338438915 194258.84676805572
740723.5962212312 331675.7140880294
989764.5049840785 167993.9486837133
609265.0899385709 691715.1011831595
66043.86723792422 336833.9128593467
439958.10471516027 515349.0884300117
826094.2553140674 168822.81164632417
934483.7940915674 643627.9426108644
373379.45957877685 238469.2696768561
501226.2029020177 822717.6772140611
27048.541496636823 24837.131687439283
789505.9397046408 169527.21075091648
564824.0767236205 935713.9657419672
18584.426829400647 340500.17187019443
889669.3949577236 885755.7161335615
963759.1956023254 644615.0226259603
282966.8478343821 724324.812247759
583003.1075633641 517769.1073453703
930204.1966982702 602609.2597168819
260089.02354011266 130618.8391059535
591132.2156646659 855058.6605215485
340199.3336057612 642502.9945072236
381014.6747719705 764547.683646555
548499.7358779672 286216.41391447105
573837.9960092923 387268.95952646143
711043.6372259911 628492.9267976411
677238.9058731805 918858.8535363434
557296.2115513321 593129.5557379824
53373.29263353297 471038.2696809904
124132.57302094561 242185.1695298801
851991.5070297347 257675.3305805807
475269.3337764765 355523.12057321565
109999.22124521888 915586.2809681578
456085.69943661283 493796.47356063913
365057.8938105785 874935.693556395
807777.3478419951 917367.4536284812
371283.10329936264 299951.79304229305
742930.1510301161 280653.61787778256
191294.9807191713 357881.32240869297
126682.24858282018 940682.9442331751
408336.2123719161 231170.92955602813
694229.3486221049 433215.7676395353
824631.942312185 147022.38992624162
207812.2083712617 146535.4022728319
810273.0882980172 362815.7967827761
228640.22113914194 307501.63515489147
275561.2488939676 928061.4669940327
128818.49450020377 55435.382769577714
201351.75952539907 275539.40290583466
241779.5357535315 773596.1865726808
786410.140001386 643796.0618685422
798008.7817314899 845105.2897829664
186053.1827373374 530805.3112776052
518643.2970953466 970541.9654034394
423234.7652267793 577205.9568461351
996832.6839571093 642489.7957561509
539139.4825286961 741937.3114259577
33119.70679523568 125899.0601884753
485171.7839223536 851657.1503404238
544150.7092079778 407081.6377278467
590652.9255894291 933731.5699711785
800915.1124361813 912628.7318209048
442126.867066022 67740.63232579741
445514.4384746924 812671.4190135786
731514.5224372988 406473.7361141943
158247.6637631858 130876.67082806687
592114.1392735756 98686.77700016837
526812.9055293398 149834.7901256619
204532.23464982928 908657.9584770702
976444.4695077308 369901.2899653412
855681.6123685754 882738.0548627987
647440.3926977405 73647.70795046483
944643.8441295809 869676.031342734
101785.46237878328 431632.62873410655
417065.7697358111 474374.1611786482
