668062.9363723553 826028.4921388838
514203.54636360635 816832.9229665428
927835.5257891506 626233.7243182212
801416.2849936819 347987.48257997126
308860.36350586533 640022.9642371516
315766.86168537004 432878.0568267535
756679.3880352592 827094.1184289893
261006.13621956581 324974.5023631827
102380.2505060526 432770.7025677027
918035.5348248314 286715.54716855387
409403.82996895455 285604.0664818943
246750.014256633 388309.22023828473
506866.3267721074 818173.982366502
95418.6466281638 483930.2608615299
335558.15832889744 964430.477679686
165598.26759208474 858650.0337046629
304619.18323200685 919514.2254511884
777820.7800128484 574295.5754806144
411376.82909563225 221476.79311657808
550176.2629946698 705208.6713440347
490514.4459081212 350015.12384867173
904075.0702834133 171811.86315793652
514105.5176799094 884940.3112763067
941950.5025427833 168123.3464415438
509506.14652012027 827270.586420075
294438.2022011977 987129.1590153697
516272.9572646312 417707.00549016014
248916.06870002404 989167.0211523403
500737.3439490117 897777.5431892544
658418.3763464136 684941.3462403077
393101.45592195477 255472.2118592161
946910.8176445485 38658.65836505378
850575.9670790719 182862.3246560176
413799.6072574305 147565.6479795938
258217.97150492432 126319.31652033846
361517.24320597167 32844.13686207155
622431.8427411986 311808.60678392753
827538.7648662319 269239.95424849587
152553.5907146781 287135.1229523441
49738.159908134796 138137.53281505193
