645319.6790445825 271589.6447345112
305050.31719220645 646338.0719124099
991422.5465672605 971535.4605937706
747989.6372397359 703219.8272475037
985149.626109043 377334.66422164784
592791.21914261 632486.0748191501
387318.9256558217 747462.2775389209
939756.2811424822 579320.3214680601
119988.339085908 732684.5478573262
149430.69684938947 862749.5749868671
509605.8647093419 182764.02141214965
922489.7830622314 24664.45594267774
745265.8257366386 150299.57250016957
657110.9849297922 773621.1758026902
919608.288405809 555578.0776850219
699831.3395893647 733253.4022225281
141373.00813345276 145064.35383924053
730653.484159548 803917.4050590359
336428.2932176918 291269.74190637656
15127.733511924978 956955.7001350654
411065.9994529776 334990.2075132831
302118.2728162827 976673.4864587033
724640.6044483271 114324.51478956518
214521.0165294319 321308.7289948897
135151.7609162275 987543.4294031075
359394.2944016757 947310.144571112
210636.5063282941 836556.8300199794
151886.97568410457 839761.0772645782
601139.7695343235 594738.7537374075
618656.9469733187 595936.2289183663
558536.1038176639 950922.0780079202
737585.9530274094 638216.0818430332
355437.39088136505 825441.4793410174
107726.65845783558 9318.70824637493
752627.4015993993 950673.5919676392
430133.79757080507 442590.1507092146
969500.869693325 739812.835224427
983213.6478416377 229079.30288239298
461326.84115627984 651945.6882433686
902715.9467626296 796834.1618733928
175773.8260311007 594706.3923958957
822453.7818464282 213408.36912000627
90372.08253681683 753299.1099158382
19333.345739255936 421005.4229483621
753653.825814511 95970.43318944276
272595.5581124978 249679.3739591855
95221.27167178129 987512.4520794727
868879.5633450644 741316.4165424483
16085.456948403576 408683.87104786705
587339.5611112145 975686.0655083845
