676576.5281570797 337047.6042034881
154911.32329176104 387241.66693631466
948482.3015292828 264840.7921299806
729014.9973749036 837444.4999762744
579019.9038344594 889211.7658569583
922533.1762823624 777541.4073648845
109129.44533217262 592476.7900256222
742179.2974175669 752494.9144678003
471548.19582388306 62944.78561612748
308154.76174262626 348959.5976138268
58235.908623523566 716439.4310413531
819052.7719512251 879629.2263424572
916992.9484881466 750308.5640748717
328313.9981380228 867710.426685722
833028.8918284937 630167.609570873
752384.6423685024 176298.82184683532
951468.4498076467 505134.083005781
530637.4381555027 660063.0075724876
99501.11964242092 240519.63807955402
360359.3003589929 95382.35258224825
899106.4121792968 260923.84044574603
273405.88403468224 874430.771576086
724368.7076144817 835168.1939455987
581925.9909609776 841155.3142080323
757617.2364248803 582597.5505984852
46190.66430680774 448444.1605140386
410967.85710067087 943186.7457599898
799144.2584872615 703833.9811344729
313905.58657028567 996549.1108590736
301368.05989404226 136456.42731952458
36231.3685868767 431722.6036472114
68127.95529682125 746604.0050996309
919486.765571306 125006.54678876721
257853.48216935678 427799.0876108377
88881.03508052703 538653.1830604033
448254.7878057247 937171.694185881
122282.25340527143 408745.63575677504
152661.38319973188 19062.43945873276
290628.9032513344 790067.6989408499
242068.85958741797 886030.2239323952
943537.5482533921 791634.0468738512
961176.2715737929 235763.34889167882
945785.4825625973 359618.8533771314
497259.2509937095 269177.35690145806
585313.5387434261 462064.94003746344
792269.5856498511 781042.7964360483
115845.74354084232 16315.73369854411
454561.02073197725 38691.05543597839
15909.198489705845 972308.2147226708
133633.9566761574 300045.91873670905
785483.7867936085 516558.1441704489
175201.6043677268 707659.9364282197
801411.4429899262 65578.63604696046
92847.99201533123 551554.8454316554
117917.93970327635 609708.7260424448
589288.7871852728 188509.0626291629
412252.15158636397 574050.8598529842
820196.7382177123 982055.6162806562
780685.1986139222 829660.3007589079
72645.24568364161 647921.636439373
838200.6448613381 662212.0244702396
924432.8281970825 319595.3875236199
345782.56210233306 151680.1938932134
76329.41738386545 627785.3020238882
756665.4055239708 297064.8983065715
948343.5907374976 599565.4041137946
241263.31729354334 849405.2877147859
33982.312475140716 564716.8024676265
322889.7592588695 69803.75320442811
984552.3593292921 709559.0677912472
