805394.5308616676 977734.499145674
513425.5694211227 867087.0288437465
191838.20517022966 170433.2499503417
156845.7094350011 270268.0448668735
374962.67348091607 569610.9109023093
272207.8421707771 291488.8129209372
207816.55478065586 629700.4763855884
50270.01961567068 879058.6633936225
804205.6227955169 713963.0897553832
954988.7009475093 518878.19802763814
424550.1494849392 552161.630821355
843288.790763216 452744.30888056825
680906.4714488598 614329.8329782413
50226.75733389281 653972.7604036467
712579.4025950002 579594.090910515
210646.09768184595 783909.6676336398
304173.7460174618 459028.141169197
912185.8243115688 672314.4416237229
235557.0590109841 705274.2192236136
140355.45495343415 844282.1166299091
405951.43708749337 912866.774144461
319113.9237353786 462673.4781071561
812091.2973209874 157924.12173196336
423501.6781014853 862308.2960868572
222618.1954918217 638540.5482118175
621095.1119635326 657540.3966054032
374980.0100266716 653894.8487762455
712073.333154898 517795.3921017421
844575.8479541643 681390.484682408
896785.5431505229 101043.41293616503
