159002.1395942185 863988.6296723033
752798.0862507436 432524.82996850304
127642.05003784024 725797.8650777994
784402.5747593729 310584.2479192512
709924.212325484 724666.5777982491
366688.7610275754 80207.02612104625
464264.89061743824 632682.1787615891
818033.0476898017 863109.7835181766
671298.6333345916 732542.3780945621
667935.3060839172 680302.2448195266
356469.29268197546 160598.9793889846
11330.377663218316 669621.1870551296
399645.37775509147 555543.5906870511
9370.380254647092 554683.3465681138
311975.90844221535 329639.54996401834
375803.9855849613 77403.80700246274
495948.74132349674 764654.8730920713
596301.9908496268 903406.5891782434
876813.026142695 648088.0998454434
703049.4828847232 755079.0992693836
873970.0172347566 669667.515843295
487804.23784082785 934845.4721525485
560206.2528513414 244538.12006551956
283705.3709811569 114500.43165898083
663721.8488093949 976158.2695358183
167531.86794618913 679349.5226594795
860358.7493593366 595410.9546410547
375518.71664187586 13340.388541650094
757116.3016387762 554741.2128275805
513964.1838525552 481629.9009162598
529622.6423445729 179574.6348839612
944832.8666887459 245340.83304822384
316535.2997767135 503890.2401505776
851962.8908777375 483539.66848504904
915479.5913096226 956126.0315022308
672136.5841869535 164065.53104140598
389743.23978040717 292488.31175818446
617196.6045090193 630875.6776276387
370329.99451620074 81149.91905748403
53207.74472929679 759013.4378777061
882964.8404959067 47166.73259335125
772696.4548806832 947440.5359364571
584238.1138352968 969186.2553713251
504312.386288566 319883.34399229166
377733.4577694459 958610.6299470499
502223.5988793098 338448.3078305155
461458.20416677993 937896.9951796737
914336.5618283171 812232.0317590833
141336.7516633123 845662.9927351754
430967.73208366625 73819.69971034164
316194.7847253043 644034.8318612765
564342.6636491113 972559.4921052867
234477.94813032207 159382.35056386952
992508.3799415287 813749.5990449057
659293.0397188831 590780.6528033993
794138.7505241355 859924.7935031396
170460.18982058697 315574.8522972994
455707.2505829085 63678.93010588644
855609.0778273067 769383.0970578939
86594.99661139969 776675.8486743461
