111621.75410105946 452939.70205982437
439704.35293870367 373203.05354404484
224547.33981372777 56600.349312098784
848778.785947215 525915.9144107853
938036.2300267133 426976.5743337599
210607.43701505402 472.864191174982
956132.9546760183 522751.1073318782
477985.6024074685 381127.04574138246
551064.0669501531 785990.0706862367
854132.3261795514 445679.9237857376
392773.23110364814 504259.1449840078
121395.78362329418 666299.8197366041
454580.4835780279 146110.84377975002
872787.112291053 106077.81540189621
712014.28519213 737428.4181463021
516916.5051368016 273270.60376306035
75899.21727101301 968532.9479181657
815025.1704674226 926515.5808644916
379277.6048037919 95829.15938186597
796363.3407632903 485296.47447237413
486425.10846107 180370.84983347173
210232.32017761294 320225.45129976264
932887.377875595 991126.9755147073
398568.9476073759 984181.7938960278
417595.95716107235 702767.8714890847
416559.57419675816 863690.1201084229
136326.8862502104 395717.49023808946
433168.2401655098 272639.85686080647
861634.7761339456 458453.19316232525
8580.837297638143 174002.34216269528
381373.24450789223 491932.5567769795
865309.0469845806 79421.48906217206
373794.32787221024 774388.4089854542
622418.3975246139 971174.3852529301
343303.04635212437 292959.2349373973
517950.80683650274 859029.8959086222
446019.1089102472 270270.36828150664
339774.8729574952 923669.6407001566
131016.64461872475 204100.9039947319
385055.439814871 269275.6002707345
482835.5364689291 289180.8072128912
669575.6181875492 435544.09323606
922143.3353122396 720608.6146703706
940475.0155309953 503860.32019199635
894337.5170246271 640697.427561054
646610.9087899373 588936.9458610186
845325.3652619489 157307.3415420062
2054.06718127521 547960.513594344
577958.1558565411 574926.0771048794
422808.3104037759 677304.2343105939
903692.4909009036 177595.17380142197
894004.2596249023 36124.89814277586
247215.41137211412 308217.5349692889
101772.75662758789 265038.11491327744
458041.26452200324 706226.4328069334
533998.5830580067 613724.1628806614
407333.31342309254 845507.5261481822
150034.59733130486 238691.65892305123
57004.88870527765 551156.0748029639
213040.53845087878 161990.8084362559
170016.91059118128 77853.76371761743
850011.3652707362 15130.346289964791
230309.60419914869 33636.563906708
353057.72934269794 605295.3137198924
937149.7906253947 125439.16330957638
402182.9342559562 629270.9516647519
29964.083712143984 730503.6618976123
754840.3591989998 323388.2316101179
912865.9751063985 323202.46894381335
83782.0295001952 28474.897493458106
776702.9671442942 416555.329034893
26318.224230177824 714447.9374136104
110745.86355061045 875570.6094052276
555216.5788365174 712334.1569739543
713412.4685685685 895027.5972179191
171509.57235619568 907883.720455599
174772.1212764639 217734.63376366696
757284.1137196923 558889.3299833566
677671.7413553701 585015.9212596242
460270.1079002246 792089.3417479414
641521.0903214727 297762.7148461177
253978.2808782497 249073.340189655
823630.6053315543 363356.3349672403
540246.9526909154 294316.90594458516
195161.79784796818 931047.3577899497
203203.2012802274 74896.77315442478
630721.3702504934 818001.824487707
890370.8418762536 382478.9308852907
211783.5435169836 665586.7379515683
302598.42611369013 485755.7613378413
420206.20366318006 837055.3381559417
599171.2421275837 124108.12998495602
800667.108525217 969333.9000848716
854958.2756794372 129193.37239282757
653149.3447183726 356467.8256488485
92722.43950861359 594859.2371544015
621787.4856100525 420780.2434730964
222350.171451007 577800.580484371
553578.4218055515 220778.00364606004
179665.78542468502 799193.6431738521
286137.717748564 711638.192078355
872133.6462798191 884240.7593411556
249208.64880499526 301793.65010566293
991979.5855684803 913063.2050839163
675696.497484322 165461.2787671824
696825.4837240648 177774.456255426
879767.273941033 76441.07203733918
545150.5738039952 295680.08548551175
202193.8644717842 678707.3973599345
467825.5383384652 989030.5308268563
883489.1157590935 276071.3735289889
671433.1644034039 402534.41031034396
427775.98098467826 370599.0737801283
227456.88506374485 65331.9905570039
252848.73798568398 291415.6240923921
481304.43970701785 588467.6740026419
657223.8246924174 55727.07635991747
786258.4849765168 630625.1131857045
369274.83873686416 153488.14818508938
914094.4268477907 311683.2372485043
845397.761991734 852672.8049597071
577223.1425812192 665316.89736537
285780.5541645596 678005.5231817662
889780.3643157758 61686.08841487666
269869.5504848898 279063.8281834266
838510.7418813285 132173.30315503606
67067.02009661136 745007.1955749708
107653.93235964583 845383.5889345217
321475.79873237474 953541.2124116361
556792.5364016773 463501.2670238887
630902.4432033828 148355.45524736028
939064.94679251 195863.72497345094
753832.0142009885 320464.839953564
233058.15029709964 491816.61868230917
330750.9425505182 116666.10387721777
913729.4072198591 578062.1361458322
71264.53047667092 777436.8551757484
411715.5007833252 753690.2262418787
257486.662983887 270755.2347770943
93394.85326551789 817778.8786619519
