970475.4189118473 394474.7857083256
391486.92263878527 514055.6925437804
681465.9117299672 717927.7822772567
273916.2171534514 279056.6507457164
554845.6780102528 855558.9083699709
652057.8788180164 466936.24858896266
472364.78760064795 229994.45505114002
662115.5276531056 742038.6023987614
395208.290697981 854513.6562004662
690279.23285982 199622.78153573777
90537.86032737509 179096.77622014852
803926.5425676225 408877.52392287704
673815.5608832297 134941.73365265716
121118.92589269813 776812.5965754591
80297.50273588987 171985.57882085253
887530.5528771629 134166.88149913613
599277.7039101364 242067.8761762026
657609.8112230739 760168.3536611747
452529.8909325767 942880.081676384
463772.41701917624 750368.4251026246
180565.15030883203 526683.4180453861
486603.26786743134 321360.31692664156
201190.39882048074 343135.0730323628
338759.8633879032 404127.20174896
726570.2670964064 414806.5301178919
268692.9155963731 192624.84282371684
331610.6873752175 490003.0008604142
48243.773601558845 136962.62147117878
317337.4404311184 2257.1258536260298
241849.92032136975 711032.0386719696
797312.160986284 380374.46429799526
634387.0676276375 991469.9266065452
635656.2619790789 645044.1829537144
229432.62209153114 910832.1105592663
105370.96223854492 141996.37738340744
91942.17596731958 684681.5593504333
476211.07531429885 750018.751964103
107693.24624078757 797533.4099272144
648566.1033337106 4227.585036355008
668542.8429389171 790587.14751143
180013.7958631005 41890.72166059393
807239.0624827842 542583.115881018
903168.4087696708 349660.51320455514
551149.9941312957 958596.4443202239
32643.719053539688 94552.39339917577
347192.9393409985 912181.1267210704
1026.3121374114448 118072.61145006897
57321.883764589795 603701.5074512975
43463.32699041644 107820.55654777568
452632.77107323176 290902.54772348166
860715.7209168094 872947.2738277192
927015.9034670038 231445.45659579406
494179.8807801672 536518.3994656217
540136.355484543 506465.7611573534
696844.4608048938 778378.6635226387
249725.06706341179 423785.96615370567
599137.1397564525 133914.01558048176
399362.2634643733 30144.768591870095
110277.82595295076 127566.32693850456
177165.62079930797 338592.92004373466
423195.9655907354 601256.2499639449
822826.9259315733 264329.32186415535
872501.8975563553 457429.2675301165
961266.2279801876 86666.2645212457
33590.28215023363 918553.1223199144
258265.31412388253 546217.7343952607
9991.536433153204 995556.4303032932
461594.93492661143 793487.4893175394
704483.8127192715 562680.4478557024
808999.4664465109 352044.1537622464
22215.666933442346 13651.325055000885
13284.227234966029 415352.3096950434
607379.5358928301 78127.5080945295
618482.7729019615 155260.51479544534
661714.0604374099 119103.32821576398
997203.2177925168 293112.14518435026
113093.81894113946 67060.17578269429
853559.3553552257 127684.26874833583
954368.3734037525 659160.5762974495
993700.5681528414 98613.67293716029
687678.964883612 279983.938269575
175159.61177346972 447159.4079459974
455724.9896437054 242976.40855711533
195520.45244446213 448654.4923930281
250501.81682811535 521952.8789577771
463029.1331929874 538905.8580249569
606674.4377326815 54520.908094641054
277145.39397197426 135479.26640417473
590714.7151972217 550022.4535648174
337694.16694580944 25790.29627782248
515346.0292219041 143984.42173550607
283768.826001086 606098.1688995893
350802.0376161016 14353.255658630993
79714.27504985395 396234.78779449704
888480.653844729 850067.693031643
33349.49708221935 231834.98247249256
449170.0738031339 276999.91302033444
736952.8075573643 12171.277788673773
895812.1674642185 533002.4759209495
695840.1625304776 302921.34106430825
858860.5556015532 270566.09753447026
476164.15512893297 823967.0909240961
53858.12604187434 675669.0699360125
869844.0082480075 582845.0060811273
949898.0780210391 51458.46542798538
118996.74346160749 247893.2920234208
526153.9260469029 953723.878101666
80566.21499189176 370165.5334276982
297308.9183677905 802698.9146782052
99787.58812211108 622674.4909265217
51748.97480193319 570282.6703118696
904315.9865374969 543321.828382935
435101.0465635201 871155.7423925342
647552.7311371746 576614.9624874749
11472.72665892496 916478.821193632
479110.91668158077 406986.9767772967
749477.8162783707 639969.9180486588
2314.079521560375 680930.7862939088
550810.0038140782 423539.25629100273
993869.0549981052 231756.2407173338
851319.078234482 293376.4373376445
225815.54702520324 122510.87504153601
522585.29614245164 143225.8940840796
938172.9006868113 843939.2807604828
555100.1153718171 715804.4908954032
486284.97399905766 275445.1023909178
20123.55520949316 580693.4655345907
353738.4771627966 40400.330665283924
810661.4740897919 2910.723041679386
57024.34990843408 843008.7829067954
