622846.6836410821 133948.17470697907
703730.1576290902 338922.722132448
327088.58191459446 291214.9246784895
787437.5827728648 302157.190830176
80859.430652644 484425.5617016472
232361.45204130953 197538.41624784717
831305.2967941373 599035.4374931465
186690.80317073906 850444.5788243418
524698.2272704131 840069.8513841693
517552.33427336754 390917.5424439333
312899.48819660273 784094.7059636471
893084.9399670239 413469.94378687785
504404.8050990635 614209.9559961165
670097.9937608711 685587.7062976295
826698.5798249257 876612.6254078376
753887.4163104917 461792.04530814866
875801.8908084212 31935.971227956994
818734.3799280704 609642.3066912093
212369.94319449153 574720.0520482627
912191.1491187917 632091.8296198051
812342.7240723728 105006.9673916153
404204.2142659454 566827.9099376313
682434.2269670425 370423.2778871643
740265.9711718963 341988.55651274027
638490.8405588162 726226.4471208518
288915.5021584443 701665.8806361754
868702.059626425 104163.43094777236
759898.12271095 74533.80249922826
896155.3322604173 79815.17654146519
797783.3517569635 224984.8266171327
464656.6164582009 629979.1443150889
465709.10003361886 757950.5382475995
632114.5064769663 662332.1088508092
659368.1427122164 299186.3859494001
275813.97988039115 620713.9174127859
790204.1566881181 357879.0503862509
437435.9231620216 348455.3091610375
892514.3206863474 486549.7188816801
191132.11611739712 242557.8130896866
986215.8729029964 197773.66512784388
329488.839192259 171936.65278992377
644250.0515431291 891556.9109797826
375744.9503660053 623253.5800097594
602661.3505644625 245334.17077160024
280917.52777294774 31892.797537433125
933761.6487755079 330721.4225907556
39067.111060997806 791337.5640395895
618075.9699732986 411804.1581398396
672450.2060026231 874943.6942544302
169551.9860283815 336759.7258365993
274938.1433181458 624074.3036063823
709247.0425995416 353299.3730126851
512745.7788612091 386176.92685260816
491126.2260475455 250634.76663912632
690476.1543898332 405166.0439298994
804460.2356295359 241531.30446316994
36876.77001826073 287046.62237856403
755329.649279954 245227.60163439717
942213.5905797216 49548.28590717208
975764.7749286665 754882.4703972087
962462.6549548163 794665.1992425915
948956.8558452004 157184.85972333164
680674.5352635062 276570.532625958
902995.4097952113 969484.3359957808
821391.0814718287 557730.2805562462
948820.1963953672 675592.9421982537
43931.37080590737 831240.7589191616
916947.5436212054 420146.86047865055
226262.96585018712 939565.9838561084
161804.47818165022 372680.79071186413
686113.5375177298 706362.6468220904
183403.45312748395 635641.9342707194
254411.36114033347 424672.3600877995
149031.74352839298 314250.7769441024
907580.6859754766 430634.7430779358
621332.8831516291 649089.7112545382
294386.54678352247 500349.2034535524
517029.921651029 571322.6376219146
438364.25996837404 344633.1268981003
546919.6736699481 872714.6683619939
573033.1108454515 309481.1771435643
304247.20998574904 845070.832160197
588710.807545033 15892.35259158761
23448.540947539008 832980.4979348149
567649.684087277 596615.5653748949
33976.76102763736 244855.42755054045
116361.26545639936 323189.01846836944
528617.1328012417 741523.2309317051
397922.12067259214 534804.3911740056
95661.2978948147 810773.8328478023
536384.6635036437 339743.16420110065
289309.65236463037 853561.9244365664
979752.07200712 854104.5148543561
317879.2196416744 262355.29578102776
798557.6344948933 586808.4957289603
363677.47179188725 251945.43568643025
682317.9566646608 1897.723664801787
881091.7029066284 318980.5040895568
658000.5995157632 709623.4560142914
605007.3994065928 578404.3982092377
930746.8483819094 907607.0433576896
495403.4392804646 926307.6422663324
417937.9997916843 934312.4071204934
328271.12114976376 769608.8447469798
289334.9647493592 395905.0297480207
555014.2803256091 155212.98745354917
471010.5425524881 529884.1936370205
231041.5548570106 630012.6644939873
773864.9869889647 394877.0922610355
991778.6147114066 608705.1009911031
