315976.3949032783 63996.647770937496
965166.0218380108 853578.7987145409
567069.3562030047 63953.38420341912
745634.0504245089 874146.7970569517
631692.9832110158 110637.34442602779
768581.7566064419 365527.1666458039
565169.9920924341 890475.9104786289
432306.23644052004 227360.38455915175
544236.1382245081 156768.77010434153
650715.6341780057 66282.20351036517
460165.0936744677 180880.23195070933
702998.3609266821 441004.49215787207
717925.8686591213 390120.1983042456
105469.83112036723 626532.7694058674
696644.5962496446 932074.7444719073
740502.2085868631 90394.0059354611
99324.9158908267 966989.068313155
26861.88999373873 562609.8881814934
193842.07708773128 989024.6709572388
317197.66450338904 806746.8517159475
674243.8241342502 959359.4804648984
908466.9805348128 564540.2652553105
371748.2798335041 548476.1966262739
124638.33215268316 915635.5714245606
787284.9818695373 808163.2354834393
328125.1752012799 637606.871226462
15934.880159149567 203076.95291025873
589067.1365803999 249841.72267397563
369028.90088014374 31119.314917361196
213233.61073131254 258532.98356213485
727995.4999612455 302693.776628719
102010.33007126715 757844.4968225294
488913.64707606786 615181.9951853282
858415.2583475794 472709.8555848611
488517.64304232434 866537.0239432325
984887.888880404 376731.44086950016
454293.8231196111 747793.0545718422
775571.2002843127 394133.26013966807
381714.84478467243 887801.4072453761
449969.00032670796 680006.0852480915
933394.0027319804 921824.7776337856
170082.6868551989 42422.71964064925
590093.096155514 411361.9002982872
554085.5525836275 202802.59544867306
534052.8740448991 281035.43299361167
933291.5706791363 927633.363435588
26046.017841715897 647434.4427758598
990024.9363168853 170388.08279603656
512066.1843102664 91880.96708807259
112620.45312886748 902723.5483129224
650175.1449868082 794922.1002348573
9224.431122722643 306897.584019452
721904.247704478 578429.4470862165
456355.13330039236 63098.38565265158
87749.4691466858 915019.3618890453
702693.9041063387 385228.3122472987
619214.1708905721 626109.9462197309
938222.8376659008 785353.4786477673
336387.7038860569 162397.94332389234
667666.3110968223 524720.5861867089
445588.19848075503 327741.4850252117
78510.33141105856 30824.358787030713
418209.55305927753 435454.1695798073
387587.6122074583 15751.810113950438
935663.2482393611 381361.69582832913
507525.25840183126 881978.6623904161
723685.1209193625 680392.909674873
411448.65671572305 53379.18897944638
506940.3903281833 539373.8984903202
108015.20424732492 768315.910538994
857796.8345342656 904338.5074744165
923719.2413388053 882014.6036521137
514636.80155051727 391439.3788666263
54212.378033134504 787824.8823640769
351095.7645400442 51580.11643720839
822680.9356713282 728161.2477475319
187508.54542468087 302518.2703830711
963192.0516080342 978040.6966772133
525034.9360136739 320604.955179017
185063.80383592015 590848.7299877369
477386.8447204067 141655.8867780119
774929.8694856095 562933.0348835231
554255.1468649287 454765.2455685828
56850.87947280099 966012.279043731
101798.71776644411 311989.0454318375
614516.9257481521 327025.8945633563
384489.2399748312 133412.59495698998
592779.3781813603 738743.9361985952
994284.0770159166 399770.2265242423
596020.0106914516 14252.720494381865
370028.4442343965 297414.8187487584
687845.9312608643 880292.4010560386
305294.61824547075 157688.83078853867
300540.54004361806 946968.9696935416
994714.7637848055 939190.9397763392
450284.3612339549 56706.97019075965
992932.5969154289 198214.0089311416
932046.9070221807 507486.83344157774
302220.87027640897 240033.03869771576
556000.8503044688 23275.051388613632
383995.5679504137 581686.8280502362
71645.24984935905 186409.71637557357
979879.0644254085 718300.1578447003
60428.98534561159 970770.2210764431
734336.5832689194 485914.4269225549
821628.3680031551 673491.1424485069
292615.1156484634 24655.0131950134
187683.89132236553 798336.911964959
703478.4715569371 414250.66357117804
590332.9340653501 800259.9402475884
715495.9922021762 92209.74642783264
573957.1252319337 354447.06502596877
71686.12171609845 743821.32867379
275209.4385410777 30497.50535418272
857540.0430719825 411148.9444187284
469335.7609630568 741333.1727990002
960923.0089433502 881354.8814812445
129160.28330472861 202533.45376107268
568040.1538377587 484316.0308092132
42508.54012524641 10610.169466410358
215391.53045014016 736607.1924660049
55349.11655488106 981241.5732576613
705955.8231899523 966974.27671838
128434.53216083189 501642.91490689514
364672.95285310707 259123.67431796814
284006.0978056165 182822.12910096295
829670.8309700398 729856.10020021
590602.5441135227 638974.9979660473
542058.6969026588 540378.6251928054
275367.2801072595 530939.726696496
87235.61200274943 559135.2439747166
406712.2302481071 596653.3349635537
513072.17110589443 98045.95700890239
860156.2350754278 692530.5896379125
980805.0804272776 627024.3185739327
537335.9402420592 132321.77632960406
513307.3432338915 637657.6873407158
365819.7680947872 730908.8918675144
202548.76487462336 281729.88484394987
989840.9488048516 334129.08757208
512838.96138357074 854928.4978771652
671486.9626466621 249018.02301302046
229196.0164488407 150883.17935853478
257109.21605800197 782658.599460827
344761.4781044009 669795.7310530579
839190.3183369759 366437.0945033423
688828.0555307134 940789.9575476762
711868.4686847561 928366.1293200888
200805.01852678147 768714.6237768698
302920.18715294864 532495.3143162474
238693.1616989829 639776.6815021652
322802.7866745361 529481.6648481676
158365.66134236509 124439.33273894148
502386.4643539192 629900.2824525167
846922.3102034346 92813.63525757159
424195.41566449095 370733.3141147738
660989.9743633491 223920.76277227435
388466.51906751684 296606.9271886446
800455.3462587431 531657.4895127033
98505.77051444487 79578.49579375809
678852.2236868528 131734.57830112445
692787.5096638341 206711.46425331477
673644.5093123185 295017.4747511507
510939.6638405084 386789.3566645173
814377.0597037509 887505.6421824436
196536.53360436374 78817.70966397783
795953.1873461317 704893.5699456234
79324.94787299416 389711.10693161946
517080.7960006861 323914.46458486974
427217.8365400489 785174.0780927808
925559.6453052262 301532.30452690873
568032.8895186844 101915.85902606626
871776.1598312729 790123.3899339173
645784.2540406333 482721.83509611746
6263.608514333941 211147.15310140132
762197.6827982728 933078.7886555026
78440.38883274318 653464.7047846316
693963.2851898624 954745.0735883476
673328.5065236139 207233.91714852545
93932.66004853295 776593.31987685
