528862.2194334219 44918.49066439679
912645.7539594604 727214.4692657077
895968.581260835 536444.2879138101
192336.93047974654 645860.1745026092
311808.40785089036 435659.78248253034
833363.1466944709 389427.78969113244
512134.49921142496 392883.52793505054
438157.1622703971 94751.14855707345
954936.1208755705 358302.3058299869
692641.8642900065 26080.085672041565
491104.2072901394 97662.92831191492
145816.61727200836 770627.5985698949
40961.04301385339 412658.9796961963
903627.851786962 674063.9038215748
676243.0498911975 716054.2629439343
902522.338585585 593185.1164485224
228449.9061666243 444238.3627593541
388744.36950525694 999283.1538591998
464571.56564153754 568537.0015556964
965571.5843077019 454885.9223317872
513797.986688044 422757.42076871014
422483.8220666148 633841.9803482076
870546.3639521744 69035.17048900377
168578.29652870382 784398.4167336412
907191.260355733 255415.21443284999
23930.997910789676 320893.182364337
16776.538969484944 336838.4230352939
293432.3762182771 17503.28704079396
426844.88424135704 825734.5874554687
25696.047581201474 728633.8531002922
911882.1764717463 933030.7425204829
493849.25570350944 204514.87522262413
814592.4604925576 378997.169233068
578837.7467084697 406490.91561968485
102687.75709332112 615724.0928479129
88502.10142517345 919798.397753584
227825.97030660845 546791.7949802112
846968.8636461513 78280.3885459139
751170.1266768199 519942.2113219333
758740.0473107958 43951.121109637614
168920.31628604632 724650.0510619619
24615.967897656075 756371.0055277632
894124.2979611423 168681.31478442173
411438.0910481984 204746.81758221946
527889.8752427377 20272.38170871093
210734.45022808012 59087.054662909424
657240.4705624355 65190.699698669974
70984.67961196908 870484.2262189771
487494.39439818833 127538.41393374799
7975.536488637358 158135.2517843331
357969.9022570716 320559.1386394595
931832.3845575656 848845.9189123724
988565.8335085997 578683.464268839
931242.6266028988 442808.9730982914
262508.08636343403 651860.2313391375
634097.7856954746 887727.8790799688
342236.6662237467 942848.1528088182
47871.41480457946 621042.0686562256
981315.897771889 421861.994438679
161849.24710263003 442010.9095352218
419494.0228727897 417608.05109257135
160217.05009876398 388092.96200709086
506474.5939177586 269062.0530638501
356947.2608419638 711839.1486706703
34897.29273145259 345259.9683889016
572477.8399848519 980933.0231151
251845.01881371668 104036.78005395045
995931.305044345 138308.4604311141
578126.2158800947 69723.73793847465
360371.5229003187 151283.99612754828
521410.14575622766 965165.7462076816
403086.19251597486 20326.16181671032
943190.1123866888 436151.8998527271
146467.99926437205 341838.5062904192
295799.71054673713 865198.8712383431
410328.9163702766 506067.0783292873
753430.0511057964 141122.88759665203
277369.59247658297 764662.256950782
637980.1724894913 927514.011225407
38195.681916792346 146223.171228391
38733.48259893583 72519.51131638157
543245.5270201134 345929.82762313064
241412.31477363923 517861.9892936467
94550.6527137775 987759.5020065996
834629.7562346311 934499.2740073275
89581.79932037879 815186.3368420285
776275.9105477815 591803.1588210036
390524.20930865663 985224.2647123995
329289.3754791656 285009.7535964562
135113.70262248634 798907.1116783537
115273.94553571813 93125.0017794364
98423.18072073086 811759.1693146612
705650.7604952581 394076.26841403556
789454.1676493875 376809.7148695839
343799.2866853472 147761.79136727107
541654.9592134212 778056.6521165413
885673.6528779463 478422.7749354792
370599.44199613325 870406.206543071
90320.21223612885 40203.21118218661
772496.87449242 460352.2560595326
