945746.8837431752 141254.62405327914
88443.44344695221 359623.3676979872
168228.98695926447 887000.8894166803
196066.7806355658 301028.69228537596
142652.19482585345 220232.0140778282
202309.92123952808 302478.1944111613
820254.3321381756 309016.6789181811
680090.4336326704 558046.6807201554
334771.44884774147 268650.90370417666
267725.92027214007 579895.5657861531
722921.5083169283 564620.0948323583
206680.66312930745 563512.1255978184
88087.5792976883 963729.8212350282
459698.7618070627 281756.67929128226
680514.0426165437 894860.1709244075
217266.72437813942 152191.51708097412
144479.83354223825 92988.54547974566
396225.5061360178 938343.3224462894
239353.9883086595 156423.44714437195
319616.2898811855 987147.4258735577
402626.43356005853 561195.8298853878
819170.2300713101 711788.7043558222
985180.2936560783 321253.819878109
356623.9844726048 176419.4245202696
566585.1831305544 241512.28777501886
936870.3895855772 628434.2014340216
18621.31047825255 922801.7996718561
334610.672749614 517001.7701204895
239934.88025350394 874023.1302766668
460352.13952673046 175145.67165199367
566930.6709692004 253352.4268121191
794344.2832123053 547661.8666405648
151182.73045239007 52632.93215814768
237300.25167200263 795322.221688987
363214.5066023358 38421.75847352236
420461.04038789077 126618.07683627591
921600.993186599 752273.2879725408
972104.792884667 758113.6173398888
969050.4624004018 396481.1565655465
671916.1044218956 511373.0431644956
312239.5578905561 272787.8713244117
406587.33070348075 378912.07682297565
207082.67148337266 887927.4499026645
851824.9600660458 143304.02107849083
296781.22379514296 358337.1824309799
466571.0220894882 505460.5531534436
177419.83161372077 409505.2506278376
310657.84338960575 727063.6478398088
829524.2021583404 306857.0070914003
617249.0476929003 426764.80775048106
419670.9144998901 500336.8353377131
454051.7116628039 377696.9336536954
715270.0820815994 59165.69311730846
236031.89032726412 778687.2927867456
661361.9818809346 908219.5212196648
827206.6800591378 147100.36995925012
73251.1901103451 844106.6252877717
59504.384945995414 485847.3957639689
914821.4482925734 241646.41756988002
437261.947148809 452883.5855920134
400.8696051384097 349691.1441928432
346863.0178175678 49964.37557953415
351858.71349494957 359003.04344478797
542608.4861240822 549572.375613667
136042.32755497948 282278.0072902812
544968.754077823 502786.7867950748
176132.59404799843 137683.6644147359
133127.27110153667 201506.81747670495
953118.6387036126 135134.3263918423
970071.307323631 780280.3241402876
639746.7305773568 219989.74843639252
766028.60654995 810975.8939723291
234155.60646726264 749020.4232207711
78641.35457515653 705234.5327231642
516529.7313253257 654960.8307644766
924108.0290093623 225946.05173168692
674172.5121239474 389478.219512809
175972.00821861593 500052.60406267096
807473.1969875584 20591.841992809725
575205.139548658 916258.6912969652
136328.02162881618 267518.2794817733
893008.2657536811 319778.62495538755
790669.2204512155 748669.5571505136
76085.11128090945 133761.11072089057
349905.30139667296 319704.87797043665
879041.0584365596 492674.9054118722
791482.3927722663 219953.72946982962
445744.02190780273 362996.156819283
867820.8507899274 111732.28972602155
908601.2576262815 754083.058666702
847601.4644485863 941695.2127036487
588591.3560299015 699341.6101444447
611363.9405862744 955123.4953743427
38515.75347335845 638907.2307705869
53166.89932517671 741027.1543054293
57198.524548093046 893186.9014437792
46343.60322548148 966970.4741348568
926261.4836247152 45375.79743884623
759828.0484035335 514323.2497603728
591511.8848698286 639792.6050710558
11345.933248226525 200248.14370698895
287514.56200413615 693057.2492928179
983756.9377355645 115400.7309353372
642132.9618727997 156981.99211247198
330380.8717400658 436834.81752989773
958532.1298214451 518794.0552773186
277049.8179332475 833675.8676119404
830828.3867651543 673278.3480231167
99591.10545632833 835949.3994842002
171450.3326578759 920516.8615700646
907007.8646034715 294029.97998498846
375595.1379955177 425479.2792082881
433784.49989739375 701731.9953977695
573792.2810517395 843722.2550174302
699267.773939895 977029.0237217688
782524.6611458977 274663.3480965235
653385.9098513491 973333.3992279893
677050.0844723616 901529.2436032455
768127.5210670338 957422.3486464942
396427.1396993624 575885.3973014877
380527.3260507378 682179.1711650776
816001.912725534 9425.364987148077
667662.8415639536 501309.15330287616
959485.0610346176 612323.4644692204
915657.161651661 437013.6753753615
77344.13374997428 849617.4775653654
956772.8099278826 683414.2946460183
727789.575310604 637811.4165871529
814678.7692525487 705535.8097985232
466634.0189387503 210562.13102665677
755138.7710984324 585511.7564469612
12979.901143026718 854111.3620837838
276768.606559319 267106.98761176044
416802.42207769246 70683.33784301473
866337.0725851383 822388.1641884588
488772.06164060306 289555.15599130857
88253.84103763822 787244.9338331686
888567.3940297011 879544.008744822
896249.5962277188 278600.7894990521
893521.3836990154 681414.7094393391
435182.7239181093 246613.72457193685
902268.2099162553 992186.7535545303
671976.9410978977 433080.22800581733
502740.7513077367 741731.8442139133
697779.9716001148 854891.9364745559
689229.0995471866 248460.79386588093
284261.30623524805 884651.0578771409
833724.3874900137 310488.7316524268
218081.69058474625 535322.297506287
738165.4480940432 983256.4005841389
941483.3789345995 390294.27799338615
592534.2066664747 194581.93318339955
749989.2923839374 926162.7116308847
395069.7894517754 998190.9108040468
339752.3830371334 578191.8762237636
28712.39837021511 262328.5624334687
560978.2629430745 422269.13807611144
845310.1370462235 430615.22415405675
73537.22699766907 141546.5661589409
68814.33750925581 979994.6478876594
16616.873955008992 36072.85471514987
353546.14059846714 685471.7208193009
943653.3831877493 735952.1056603295
637668.6358810253 974970.9128124847
636056.9825739369 923370.5969144166
368512.1014049343 775449.859696126
397437.4468548425 828259.1904723564
10398.087303467473 379975.6713104903
210143.3510803935 975443.6091518375
716553.2389003437 861389.1234006329
924463.3170415616 593247.148266397
686469.3850406747 433157.6100170057
546471.1728332109 832369.897799745
547562.2046962795 84874.21577092525
876200.0024279868 428394.11148308526
713945.4885500099 894217.3793710915
778126.672386449 789923.185391432
139583.03459389156 633074.5742012211
907610.0670387886 958249.9224342651
899522.2724783267 358169.31016532896
913766.8903048445 718984.8622204744
278840.50576889096 581726.0610082286
541736.7884065 792308.4180381753
377525.21732415055 953456.978427689
741652.0064794946 457061.4077757712
130977.55348569162 398020.10242926644
580969.5014963452 663723.3914635412
379862.8771930822 883166.1820974691
289562.67578278825 895391.0154554731
342493.7886738004 154008.28232521992
