560238.1928656214 476148.1631739669
364803.16297389695 881457.1347592522
417707.4409855779 154349.06842119267
789600.9436684558 592058.7440528019
384513.9821979736 879624.8131755847
593790.0325918939 156571.24545328793
235877.68869130765 749172.6919119376
6715.387512507332 370818.8706920799
785425.6646889822 422265.18756483414
165230.81426924534 105816.44411971114
129726.73522113265 545093.8411896022
873311.7308471003 685569.496489914
805526.8492423402 98345.07753748733
94252.50219085079 236354.38790646213
823610.2742013943 327345.93673903367
706584.7768040685 921074.5337856753
828640.1576213447 448049.7480331983
334978.47508981195 205839.5035445909
70450.05017027195 73553.8733908231
628380.6452550903 560927.0354809647
270222.6735976616 925018.8876914416
979602.4912482143 876255.9121724969
26999.429545594645 840580.9988952809
95514.82842970372 400583.3124418493
293186.8196159304 135773.2758874155
376992.9380846035 934444.4463388668
925600.4913153208 452038.8752414051
554926.217122899 16372.728664390546
199112.1821253776 835865.7938226286
288916.1641880168 973445.9191220846
491497.85197775386 132362.3448712402
532163.2770254561 218703.99026062203
454446.58187575196 375127.54516126687
617039.105238812 14514.797834875304
750850.883771823 535672.6182229848
528535.3534604389 612975.8766360404
718288.2454428982 294061.55908185814
776012.4172533846 750.8471424494401
908798.7533091289 601521.5022523016
473984.1338198 547906.3309457401
598460.6992691025 682804.3197867111
317041.8413208813 718858.6433198669
776678.9622223338 713087.3568986139
22114.050016845853 762435.8941735569
535793.487978138 347838.9717230691
884789.3490772083 569808.1359399165
882261.4119682618 920589.6765575635
596347.4895499843 405042.557659595
301731.85888545186 119890.01895144269
598182.3832572552 943043.0650461679
578382.443959658 937500.8219984389
510266.038527501 650213.4318416107
221416.40361033933 830718.6149686829
184.85518027711035 284859.9387428038
100547.5031983668 834806.4852709441
473438.4651540576 269230.57752297906
102784.73642620379 207162.88571471343
667413.2775750918 234244.16894706467
676593.08018888 924211.2502217082
608424.4150905039 852752.4521728877
169358.5036219095 206796.1334409052
686646.1544980226 442683.4955662836
439262.9545685801 924099.6683374579
868858.8898105244 768793.1080498024
673562.6151113595 385933.0488299838
259199.29120305352 577296.9948861047
368988.13606858725 875438.1922264205
988250.131349867 423650.0891393712
771671.2897377253 936975.0054515549
763556.728489203 251399.73605081078
739271.3308617127 475491.8638863721
792105.6664392113 312426.79655308346
862867.177133451 961099.184789756
247935.5901873074 178912.88894061165
936236.6651189581 600244.5042130336
54980.02835808191 701792.3749509427
588697.7880384853 618515.8624450833
516680.5152680292 153353.08201967235
491189.9159783273 572286.307032895
523853.801264212 747622.3048662004
665828.1559239217 848678.130293034
73994.74106999104 264314.8441277249
113644.28020037376 315086.16541874077
372206.2089264679 921472.2711649649
104940.26664480039 168543.25488362275
218562.27950352003 363826.01068403275
445355.70383270853 942985.3200462082
605131.7939286456 488522.475670831
793951.6580551034 798408.7524560957
428917.7973228325 903902.5411073603
710152.5566860728 731637.1174621836
836636.5161368408 160123.11098178034
188082.33024965736 404942.31880698306
51846.065695517194 115657.12420925856
284544.2876419041 124134.30622232713
704932.7734415974 380513.06314665946
872922.2853106733 445300.29094314895
183668.9933579997 847966.2497615098
137071.45779362283 71114.81747798865
375489.98675459344 192901.3927833739
806467.7029131642 936802.7345352508
479423.6276797622 958133.750049157
540010.5916190043 540831.9747832803
85104.6126968471 274567.9586867469
288117.7116614894 120204.5507542
242199.55492694533 451476.5733008955
884604.122350127 76102.7329137387
216964.60886997794 55183.03211493036
788654.0576250263 266325.6745909569
424186.0180144208 402499.55589311756
552602.8289403709 647588.0640305439
467757.5871888713 130789.56868852643
798982.1800548775 135407.51846555778
691725.5827122456 837797.5892326883
890333.2196373659 435242.4087812061
560258.4867415801 543812.4744147235
53977.72287343916 330442.3416844813
539712.7104616121 670687.6962517543
794671.9152639483 336026.41175744083
777910.1497766147 686646.9152792515
689948.1005629709 841396.609781792
142891.25052401653 413972.65012245165
669126.4242637656 870662.573993739
960254.8809543893 602857.6870252695
437238.760051252 702472.8917770995
623405.483529074 459288.94008569064
863189.6701928071 549797.6208157177
866976.2451987532 808442.678904644
109657.79569389168 337435.46545378614
228707.65459347618 634036.5154797967
15249.078895073098 423891.8612037958
921311.7871393687 121185.40920287979
791196.9912898169 934922.0718499522
847746.4889848025 313807.5276905474
390988.3882868509 603317.6429772734
954436.8260574942 302674.70397889917
783337.134201825 829531.9999517974
564517.4432764855 217833.71985326195
876151.3005194068 977890.0069668458
396432.42105184984 893132.9822344127
346125.2594521962 868151.6197535369
977079.7810096396 204882.6158558229
789088.5127792219 655982.3924391008
607110.2456977176 357909.80506550317
159874.34135724255 644827.6577150375
926389.835947234 431275.33870145684
783951.6064045716 910568.0550856517
59405.76984372226 487543.5168032627
941088.6808277229 211435.32430435185
446709.72724184545 79300.90461610274
952840.8066216675 931905.2356245196
899463.9188474815 158132.47851637224
842731.3459839722 467245.4545499969
574440.806388235 644224.457473243
523299.94096887513 629880.9685125498
524015.5113821352 340111.29510579095
694931.3866966373 500796.6981481451
55598.43790034746 99764.9849135055
692696.7877841623 697189.4534488249
572636.652244752 201468.4632727838
