579015.0512116426 546032.1979147424
880150.7296428151 133079.42140370831
844222.2355212759 639411.6870967445
765093.8448236927 735455.9162481625
558540.6483255607 678121.9468111816
594715.8963938234 60236.85776382237
615416.1633731106 610616.4906011875
438504.79885066417 800361.3272133688
506280.42578477797 431205.66987243027
768716.6259538071 529897.1031329958
494669.09118426597 453257.6101824518
969919.9809568968 486588.5358995766
534475.3576794516 887727.3327569027
245768.0474416055 513651.9290443058
815705.8926275664 915778.981444993
797725.9289483643 876058.2218356126
423489.0365431817 771131.3206840206
653463.9653525726 40002.97605238545
376947.4831917404 102605.77216091738
643857.8047996593 139005.05424251975
694381.6447653155 778781.6273018091
177089.97555905336 991959.8992749495
484963.0762445285 42818.5018606696
777509.0638616062 950661.8233827567
203840.62379153343 35109.683000375866
844630.1375182775 265629.6666801628
207222.55468066907 246355.9090851254
290716.70600319863 734860.409714628
599669.5402128047 11688.378237905139
352346.3178089743 885741.2026231125
982203.7488397459 177168.28166680565
99451.65261516353 261185.76600808618
494775.9541119996 177732.8689977713
890496.239256 915150.1734365195
410001.1007449774 384968.17074112035
736648.421011127 339961.464940867
937751.5391127716 262486.1516502389
63834.554307701466 166352.5475407295
149106.40641234964 124608.30405432555
280133.22688885225 652855.1751399569
85326.64610144024 577425.4036628505
374511.7161697862 795795.9354310825
820455.8781970625 832660.8992378018
200810.4157962549 353153.36656077544
522227.27743441757 53686.69876708587
658645.1071718252 882248.1677632419
471724.64507245383 464115.3611473011
951067.8512985243 229294.13930434507
666899.9439098714 526520.3209389126
732692.4732390266 131610.70706935175
840116.0566183346 466390.28518063255
317845.80967178335 346129.44925179234
881966.6963211928 858217.2301744411
957490.0096390523 803241.6703482209
848162.3866947995 695575.0514040486
730440.2753012729 114876.50828669094
557744.7883642716 197846.8856411939
186591.15541755766 66201.73644070748
873625.4710325671 626348.593945639
907712.3313218411 242533.59830200393
39575.72921766928 969282.3345282935
162449.27157817213 465660.63999020425
181956.87769791347 683282.9508037104
402521.3464622688 249953.55289128973
745173.4214591581 254750.6095666362
788279.6610285777 97285.78734148318
585562.3962700102 889812.543728506
581833.8248397018 255397.60960306867
531442.7657857303 393422.8408182423
968042.8614735935 1131.6264254508378
52455.257695661065 659646.4018221713
599376.3383053117 640804.9489929888
2601.0254312470724 250331.81938853188
645711.3769370383 695028.8683073238
261656.55563792933 425510.49387426063
967397.0942210144 404735.8936166866
660113.9889034508 193493.28740621964
500230.10687080596 811328.392230589
232817.57791149593 409098.33382830216
636009.4776998267 760889.1217807985
187128.37893605672 708212.700700152
304912.2863212482 253962.43091697956
603531.6289262653 249087.86862235045
514237.9652579402 740049.7682018853
466209.92834814667 556723.8090507452
899837.9342289645 681497.7036121301
39820.2853384928 20710.712684876453
771002.661599695 520297.0072722236
40940.99419667219 988698.8124154713
841311.2175687263 819523.4083853732
228488.7779244924 632140.7033328667
73817.97686919011 790133.5333883446
147314.78776075025 645035.5571292599
535534.5577775907 350950.795909018
904873.0928234875 74221.66321599022
110045.31614828572 601952.2350011151
199987.0249424863 953428.8030250131
319416.0232032739 951645.0150165153
898728.5048693412 668269.236083285
807054.6942349598 24330.559422325536
2810.7951631749506 862840.3825398888
853682.3805730894 136497.43241130174
142344.23242772042 858031.7942064549
972251.8796131301 741137.5108657785
573947.8175096058 308839.4155629652
706444.5482848341 965691.8230723587
956316.480803971 438688.9316599809
280204.61663187924 442687.76877710206
255138.3618545532 633892.9936929898
689223.8121805494 405710.7639770945
934405.0729998881 68887.40845391106
690391.6943968039 580915.6047290128
259015.4863041797 979723.6358833628
747900.3330087309 293554.2428442147
457887.926423665 851225.2036708827
260874.06740960095 705092.4270445376
233281.6667712635 109964.00310602927
696372.1604811439 238544.87776604205
338755.81256208854 231570.94769135045
867994.0122945573 505177.12916007376
174650.90864868215 969877.7791422656
79105.81449649634 171076.71832894132
159919.56260578276 844216.3742924286
401049.18174815807 774477.5948855265
897003.8310976312 818687.7701728791
769249.9791769368 417253.40336021566
283790.2153846781 996558.69872388
590771.9367045612 145758.27389518902
113370.97551512088 622056.5869128623
124075.59629167386 673303.2393469802
905390.897653195 480769.8132236089
579782.1345312222 710385.2797445422
957395.9946283142 962973.9448193508
683192.8812381277 748493.446228381
339678.3091223896 167080.23835542207
65557.04568256438 285180.74736036983
244325.97322854178 426698.9826596344
168145.89183232086 537268.9529906985
175425.19886216545 177205.90611162136
779543.1321584359 13767.40112731767
391756.48956835776 616721.7209405308
649539.6433429552 992671.4663041392
702145.9144938211 967437.6037448567
256792.28383183194 613786.4546870783
887608.5662836664 898260.494808786
467364.66926467867 894055.0855526547
400081.94827180856 750242.3171647692
192442.17974657574 424149.8632001327
339672.0788313917 514238.64929184184
919492.3299662031 360983.3726611832
674778.9826957069 245503.35726607498
407860.43059717823 812272.5604908861
271563.72687174025 781801.110778395
845371.7685112187 534087.1295969533
920795.1417276463 740184.8101442107
82254.83225495667 103072.2209757815
263177.8823579415 991947.8109006662
688040.5713989764 17670.074371000544
214767.8545142021 599585.7539029209
739807.1069201347 348188.3718784731
680005.3686744147 970612.5308147065
715898.0280961909 144962.2029423041
162492.8690047921 143151.02069603768
980831.3963520019 529645.6796864646
222995.85357961626 164149.3515553132
808124.2347219405 948921.5056596822
751708.3908616594 703802.3948673675
37512.7040714065 107012.78486475219
747545.6485376004 384513.9926742649
265833.50002008874 370199.68630145217
