118917.68000677183 19232.756050370892
231485.64674179317 183824.9619365604
103273.35767200818 915108.5357096076
920060.4748295028 865761.6864932518
677712.7456356139 533985.0754859061
494329.83328417357 769900.0377406202
372736.825342271 400552.30291430047
393706.087816028 924298.7235420905
888021.9185816033 978052.6308379231
299989.5104485207 697268.8112377499
947084.9092367792 487853.91514130693
198385.43873493542 546247.408992293
155617.89312594832 187203.92214183536
877740.7993152397 312841.2944417239
757956.2058598128 512767.4597304972
639147.3645886376 941179.5064710554
928619.1568826557 516793.2225009553
742033.1598873787 948914.1561831342
12816.820704213971 167050.52473043703
891045.0430304826 199375.03204910777
269899.1021791466 678233.0506958435
915529.5604191683 567424.9111949521
764035.8881266257 492422.85328988667
650467.3120970143 867731.1968617465
139243.07348195586 928377.5648437683
207551.40379522607 419022.0010555108
277243.97391443135 772202.8082919397
443742.7587719049 813643.8408159674
146903.35282460353 529215.7928567922
961319.6904448173 753852.0483430756
928677.929772203 18688.425709466163
610873.4675284799 467060.4912654575
738579.1796915311 74234.25208399825
243338.22559199657 216853.5510943369
251419.57537979598 528620.2323456134
113459.7410183844 556183.7965569979
592208.1032917032 784369.632389742
71393.54454087188 113913.10100565999
610683.9253566882 253829.0782117183
198052.1119698375 642308.1425115115
844053.3406867015 84589.94373763606
54659.63381996197 89618.09394158193
300830.8755323206 824289.1580356588
466759.7227668724 862322.3794599494
241438.29766063462 731989.6498048352
170457.19817306128 35222.49499118435
278903.7466526655 977216.337134326
20845.831439125996 557519.8472657355
613672.244813154 801651.5133006176
399451.3373186579 650347.1356068532
886719.2154367667 542368.7057651707
78338.58134800431 518784.2894963487
721739.3796800186 267238.5618868234
179571.6428839581 943460.1048354708
546464.6722198298 336912.2615249591
545476.8369629915 924225.1465678012
875982.6669275793 600362.4169997802
25128.16551441299 621750.658448269
409878.6504099969 865019.4688040009
643458.7511181204 988868.47324233
96416.01752619134 887601.001323429
442365.50371548964 412736.0800837611
175625.80702580954 358105.42682560586
441325.6259148469 61641.06193242569
52001.485049651405 122105.45481906598
484311.9088909268 123292.26615567623
653142.3043582857 456808.30708553846
592727.3783673665 557348.6101760569
780939.4660390759 711539.6140524219
398350.8253543423 817225.1204680952
735590.3052780478 505510.2941273396
615934.0993169092 167378.45382171046
845565.0136997706 404591.4838795175
144048.496517325 219.3307638921338
739474.5969271779 961820.2412123067
64741.2252119709 406418.7181854938
373422.60499272274 342318.1273050424
115986.90276715539 516242.87629109964
376650.0886867229 100915.48110579951
264207.8657717891 505526.88040584984
810317.3213811668 334163.6460662034
351504.297860859 119547.08656235758
80400.69502004943 730555.162345966
859197.1801136337 430211.1260507475
948237.5162631792 739209.1846390499
628525.0705871306 162799.43928208319
396196.38591794024 4000.2293589725955
408016.4096493243 375303.79570291715
851181.4416312546 71536.06450251793
380623.9044891149 417926.8183581798
867320.7708590508 803963.7368501768
54884.7658484245 393280.91255926975
709223.6832718545 419904.97585248755
998193.9873779127 702752.1735481704
709162.6369407753 38676.71346053647
313526.2825985885 111465.13601375063
790149.433171318 564533.6473953527
333282.17890016275 719588.5681511943
179227.7075979587 155607.98065293612
465312.6299313923 224811.20373092112
168275.45353113493 676449.5778759855
163296.2255183068 435420.0281919425
921677.691566293 633317.9192077413
777454.2180906393 158600.17203050558
652991.7823834694 992222.5135461828
902964.2122202471 480274.9926894356
488599.89434299286 139690.97651518515
49427.79064835734 688068.0633939186
382855.80356424843 616386.0964082198
653718.6054092369 467653.06807350647
204176.8126977309 554455.93927407
898644.3064674896 170755.39314420917
513558.83997255727 601447.0986231489
728022.7100451143 515751.9615093228
361075.2273053982 699387.9325371125
867074.4514017275 643520.2161250999
24103.850344220802 243408.39692927085
261545.16869776524 104030.69177668789
249743.50320061835 433553.05807342
217305.57796275252 877479.6411981526
