997492.3475508732 599216.139375259
810963.8523268113 233793.04264313183
589194.7284110766 839620.6437172028
7180.243097685168 745095.4342515205
322406.41352003254 937063.6077371194
770092.284688551 458775.29349796084
920377.9711745565 513134.236073132
702570.4200414344 821225.8467781239
30512.028896449327 441564.8387266712
524017.8037742994 188073.29465956523
349142.9817857986 757060.6460815428
925046.1146702347 346633.877913971
908846.9587704131 790050.1246509773
670937.3835570717 203478.07935554985
406001.0890867217 429607.52948418644
948625.2956148972 763083.6608203156
430909.11814708577 951215.8944310484
18462.500267605654 182201.170321995
987616.5733823515 459061.32167492196
726167.7164082055 91802.63639993592
872891.3401649665 702981.5683787151
198448.20263704166 438666.9816165848
290048.1792804118 335720.28768086695
946834.1485582439 843412.5766027757
193327.62790889945 347268.67870187626
122195.29195308454 816989.588739481
734644.0729907412 571786.5980597419
232326.7140384002 830921.0643119364
108612.86569926143 599893.7172630556
844734.775988139 853461.1026364996
733329.3590466315 735856.6779883205
651342.0915378578 329559.2999150291
395672.64477246365 629212.7520401685
906450.4647109945 357065.2003271788
75819.61277908966 998560.1631531726
593226.8565069075 104752.61134194069
300326.90552985563 155038.02003901635
95442.08808170861 751414.8606545718
549800.1648685413 172113.2613135493
102544.98815576674 230528.78777117658
952771.4169422662 965972.6570449156
999520.1150366985 505361.3249478083
212965.38491673066 837506.1422896966
783543.134715634 528368.0649354954
452180.25465159083 665201.4442322544
281562.75300367706 144711.72665750465
27353.782271807293 625079.3927198284
654976.1066478267 870702.4173628195
986395.7386738582 358754.1450596612
940609.978785044 461850.42624745745
210748.84409565132 220012.0684445297
118327.23517004694 743136.6011713707
892365.3603920117 247143.73754867446
217323.23485174443 607265.1171013957
127782.27036762635 685026.6870448011
358975.11596147757 145931.56823718213
340995.78807695344 6407.023491423524
612382.8420831872 436066.1828267706
247100.50896148183 301010.9842022182
436019.01820424217 241499.36121930947
26185.598786831022 119297.515120396
639351.8224895726 856283.8973550071
303924.29415524 191705.11623849696
573435.1076979785 533363.5219420552
353412.9858720674 615867.5843719983
687738.0026007441 22225.096544226442
335565.29645447596 576314.835735689
112620.38511850392 980523.9501699096
816123.7392183755 253187.05152512866
382997.92563350056 352234.6410430077
156988.72554395237 541759.2743504213
403291.4761514614 238546.05726891643
124761.94871535285 426332.25431473786
531116.6817932052 767116.296766722
11550.026775316246 884497.6026978955
924583.7188363872 831389.6298573249
423323.2254732603 969061.3379917835
86383.62844079307 356100.8336210003
591813.8375551346 160005.98464017423
82389.61071988793 196365.6457416768
5630.251578408574 749878.894751007
508834.5465090222 149698.56969082696
35116.311307398675 840844.1102694437
896510.0478190456 310221.0277995403
653444.4018391513 871293.5149400795
937121.2593376546 658914.3537891303
340048.35967766255 587445.2092038252
408476.4148612954 117850.92489886873
432394.29651341186 890285.7742799748
644169.2797347362 250998.00457053623
244692.12164772835 941445.740533535
929208.2580243828 120763.97076797351
332618.5958868282 605722.8070158111
980827.4831840377 298114.07065834437
473860.06609600096 441914.8303723499
267755.80884635285 371569.7234092892
833154.7837008467 547570.8462725343
887207.0800744753 377323.11028970656
688119.8013818285 158431.98281087723
168661.2040056229 284481.5401654428
643841.2942440157 221176.46945532298
300326.16334924387 722719.7868119411
765430.1434896735 760205.8529058354
6955.509630585777 451838.4068964604
339914.0747865942 803251.272203835
300557.6254141198 892864.0461329403
271358.08874244173 776656.4997106586
292096.6560434546 24909.174986988746
397361.0894361381 960456.1529620262
531747.26794943 294715.38175131974
363747.89897847007 735377.489901754
269345.2765067793 483747.4498903113
274757.68315862917 780326.0970665325
570813.4256449332 134308.02686784416
90137.76035469545 892275.2075217607
323059.14215074613 695905.9271816867
48091.62620856022 382963.7789535177
401568.6688725637 248459.6665418075
546120.194791199 360230.4110057808
441104.3445238885 677463.4783687512
851889.7863490608 452637.03879886965
539142.2854247289 801948.1500935962
886410.2555158385 65782.98650129644
86835.84214914363 533685.558242379
25229.656743911644 703265.5898782795
404738.7819349241 844871.5365337379
762623.9700384354 990700.4844489498
255727.4509064328 882406.1178489652
190182.7257243083 618771.7018888497
305616.38417234935 792426.8530386287
251679.829522088 502430.05416442564
955532.4309668031 771637.0753640358
542032.525832381 590616.8268039498
248416.51676759546 587152.2767689215
778708.7391451445 949743.2897718899
91766.45531321515 841440.3730552609
978133.2386560537 656540.5614551228
843053.5680656203 232879.92900403266
15092.50815995733 501058.63544248743
60892.54047534765 58130.67535817718
201207.09607245357 350320.91477402294
80506.65014124925 569209.8362518533
723964.7288165003 637884.8321955462
411540.72978212195 419810.5254758039
938967.7735829605 291560.9637213766
210845.42223711344 444709.774373333
60199.654767960186 413314.81592781603
277061.0709675927 653491.9890447152
835642.2221697852 463165.08592300466
405815.9561508976 205005.36787073908
