81167.90107395877 600604.2845232137
889837.9805955335 30556.90545754419
594319.9079299629 124259.20754319141
754278.4365882883 193300.77159475035
739167.6460030631 860455.835575597
11677.2228962152 591901.2967228929
495481.2303949353 416886.63449214434
331915.75980877766 82598.96153324164
462888.5740916916 85729.66223765998
99656.7913168358 108934.11808347974
656679.6230035147 443877.47506958374
460833.72235907114 990875.8255419764
210320.64270675878 721438.3492705661
767947.9166887662 439635.3325049637
958817.4748937655 183277.83122568254
33810.433974388434 326423.5204137157
948153.7126533606 963993.1224003164
785053.7349905855 703952.6814642131
221327.68345482656 124779.17700583041
445740.3344138666 786229.9314802743
572858.9865349473 899556.9324980507
139757.75116632917 895778.6661410688
491707.5567073653 282883.42947710253
917123.4963416668 663046.770019233
717169.0633250456 784353.2255464739
609818.0348052657 231687.56255856447
136391.1782439793 77823.3330077649
542480.0893989665 786686.4204482813
963733.1444610601 955524.0668941314
666810.613548796 631325.3780233059
276368.4294551757 292748.5517141262
222729.8117619112 831465.0175484754
260184.0909879829 404592.91628899454
210823.61346812005 593402.418598185
351531.6540539386 851839.1369032222
633558.4958397524 139786.1071756167
536888.4703191203 263910.20534390776
940582.0155924138 561203.6247512444
249756.05009138258 433669.3854769874
770434.7532641169 382931.00896207767
510268.7669321485 452146.23025418544
936107.9137428494 473013.5368840506
760777.919340933 833242.3433677288
734349.2432899462 730361.7407252591
333151.87700294825 131740.47202399108
767411.9086931987 133818.55128606723
532529.8435286176 162042.30876821568
842797.1573839088 619206.2629037839
190841.75534219007 445470.90071802586
39225.03622131523 658734.8105127547
513400.6128781207 565220.1875671613
93568.98392571433 674197.7974628486
173461.01816872938 339388.02397671284
310162.6558721026 59971.02150954681
267008.71807604743 922839.1770731364
22325.62129889515 132354.17761119906
619016.7351462209 234987.6178801874
595493.1256968125 648322.9199728436
156099.03985783402 495502.3857841445
472463.87141576695 66779.0467303937
309670.0181713714 351210.90617711435
553935.180911802 842536.6473324833
79155.34643990984 402433.3038671638
821698.4410013164 392013.5894222191
570867.8731185364 295533.87438530324
441276.7626520673 27957.181833853763
339954.4440010962 219878.1629395089
934488.6673318757 397979.6937040445
247149.3988859097 702898.0928445017
402873.13865864114 343990.59379448893
105997.87126124615 781471.9393297667
339309.88826539286 948525.8175751778
226309.66017735188 746981.7812454359
346924.85811124183 961782.0426681081
703033.8530808713 434509.0836392269
663670.4899265978 94863.74031329692
856203.6473652371 498826.2075780681
588161.8025386434 344517.45384467393
136278.87420005092 585588.1461125575
119616.52091501928 550628.9980357013
6017.057684399308 900063.0327457726
592679.2429353176 39060.157615165124
941490.2832750113 733091.8239826909
595905.6565489175 900561.9385658464
22083.678708072708 617956.3585573942
598535.8371643765 461819.542458097
138360.69636676353 907453.8441968586
886736.191455148 219574.35636909638
859708.7206824187 1218.277956330116
329613.3148947171 679076.3680178759
702736.6929212251 830241.2167288967
337464.25451640325 656266.4310747191
875884.3579432492 629146.3702000745
642950.8191291797 111677.90044707959
716040.025637057 842929.6973923518
121994.9205499915 897406.6833777877
8756.639243848507 482305.06630575034
923396.2119784628 161560.18662476
607751.4062309149 909028.3695277672
494285.00941002415 680430.388643401
897638.9020720852 875158.8812085633
35622.902799020914 187545.31302080312
332000.07374801167 43046.07936352001
675024.6193367137 415654.613110925
360022.07630518934 727669.5466437072
494983.8316094577 107349.90029017621
876535.4968561811 260264.2926026614
481307.6358977417 485281.7430554143
896099.5801459886 611456.9161832781
775448.7163790319 853988.3620041482
242116.79091579464 456765.54833835206
106688.21634286607 942623.6883782905
922582.7394272404 278420.28887893935
530219.8435452463 376113.92871509475
747408.923268369 825866.8671451281
841701.4849703799 878653.5445775023
111212.901012399 149493.1995351323
478100.2153283394 647754.7956374042
758413.7839296508 682193.702279997
116605.01663011003 877175.4855507202
387059.8412742604 852486.8001910073
168968.37146048914 129222.83841731763
635359.2762649434 128558.99298504402
107603.54846392173 747831.7026178832
253146.9312947522 940003.3840465959
818518.2250143852 456410.1201725153
284072.9075725703 769042.3351737367
992680.1549707835 104473.94697241852
131545.4822340707 794963.4578199158
53907.184191483546 530281.9787606578
851108.4109817065 370845.10687748017
624012.4211946976 356035.48415546806
255063.12816242594 749879.1103668843
939638.0731933817 989998.9921209135
4571.2358903570175 151575.78130341388
393266.106472963 589723.072563096
692500.9549403865 935562.9017414011
608136.7581019923 641706.6025371338
937095.9429754936 334075.48711997515
730078.2774744533 453599.00885363616
65744.16739263067 506079.73821270745
25895.647865794126 334927.7808658105
763978.9582083351 626876.2323724754
216125.41723072808 360412.2691282212
748064.0292622668 20658.835861203763
52991.29079336162 215035.8906301416
568756.8628554412 603300.896109444
116719.58392979854 377180.5800642316
883877.3048237704 62720.66728570569
117388.16273070063 22483.00704822359
750843.0303912098 331509.1803029846
34047.73100200309 927222.93595417
251632.83748556086 425901.00985198666
958841.490291353 823212.9351497842
642447.009978072 60516.300067124495
659901.8121287605 358503.93729128304
117618.63513352878 946160.0729051229
385512.24240118556 479497.1603554683
841886.9450435182 237778.6459739908
786131.9399673799 483805.7810425577
858344.2159764608 470725.92288050294
541307.3798249502 807232.2754799565
330466.79497320886 130552.3203491462
151164.96547471857 174333.55209154877
143588.31718156062 326895.4971231082
742109.4738261173 739747.5714225693
332665.40255530906 605197.1700840744
674254.9552397352 489239.99171283847
874507.053264046 309059.760837165
934661.332387492 630327.2306900208
491069.08221294044 237608.96896601014
125632.12035221794 434661.6943351952
914397.9885293422 557631.0974170122
308529.89181941847 210884.3228795192
343883.16708595015 102665.58778446022
37031.78722554967 722912.6564111203
367001.8851675453 420317.04423953133
708911.9798878399 111603.22780588572
199714.73442648278 610443.9124307416
344925.49514111935 311634.9086377219
267696.4866922312 217503.04476746474
321690.9128411615 564135.4281588972
302773.37052831263 355819.79104262084
835055.8124729801 317411.9342887748
150335.11028246293 679016.6917049303
706726.96922511 936891.7171440779
722694.1747070395 558082.2108759899
618193.3799203301 483258.80883863836
712364.9483090492 381962.19094291725
949041.6922353918 148056.55308852915
840540.04677717 105963.45275162612
475448.97504503024 388885.58893111977
905983.4274378063 83949.68346338139
498980.119217326 179651.02231277354
305716.6444104729 101661.67776212464
46596.78542522117 262893.0347270176
44124.4159074865 330118.0614692393
149468.81201809092 563065.9261407016
100873.63044838737 18179.625568419677
605285.3053313972 656783.3042424495
130465.5244450903 725546.8533033179
917068.8231906793 832015.4731285287
323652.5573130727 925665.5434825199
895389.1496659915 614430.2561014792
945469.8758492584 403921.53447164514
573794.2391613218 164625.06309334302
525210.3454704287 900129.4285104782
871009.2238638272 707979.9785087707
596389.2242241475 429388.0249747835
807999.3486212163 356365.163181102
371377.95631121064 895349.9046990487
32683.342436240713 35335.21831076902
370435.37318146747 579224.0603851399
857078.2729994438 614090.9569941354
531363.8614809115 390977.7117785843
11490.31196323269 74213.40869630067
286237.15185843024 523178.84494348755
231465.1750703709 896383.2501768171
902946.2345121544 207698.88635471667
353556.578532789 146874.71750063653
572586.6415778651 310957.32578893146
540794.7855629316 652802.268967367
719525.9351250652 423000.3850721523
158338.09298604084 582823.8840367709
602781.9437199276 652717.8821840928
715068.4445488583 57698.14059157652
113014.87685008938 328961.25430657953
768267.5429783363 710308.1476771153
97590.62451534717 85005.81257013473
533715.4791529372 497720.1927697723
