183132.8113856574 314653.3827215332
104517.64592575807 417195.407083176
940303.5585185167 396073.5164503086
73834.02173443843 942066.4041958493
742758.9867805514 661378.0183910171
258886.16450938262 433205.7196025192
320689.7964798502 631066.1419478664
665746.9199082005 489366.44661902596
891876.4320904855 557247.8716875555
437130.92379044683 140004.19225974014
344591.1949810452 641680.1482497898
377400.30469443806 822863.0363212944
973407.0579346744 894604.6593124423
763877.2449934885 903520.306353183
151911.51304658136 300008.23024618597
304467.4605416966 71746.81772706647
759301.0223001739 286792.9784363601
552320.5806922425 949957.9979729417
671471.9274689575 475486.4817804034
984401.4792720252 787788.4975335079
855201.3803231672 606476.8493320945
424976.0062925901 393917.0348822759
234548.04376054762 311695.34488432924
246487.89379018077 477931.24058995163
970687.2862026423 456759.1154471595
201423.25773324256 143493.96378743683
820612.4067590383 149261.75587832203
341470.7303287987 449940.15843479085
575052.05372393 479248.9798235516
365730.3849379624 63458.52030925159
676403.5984294579 672000.1364726014
193800.61389684645 844080.0530519899
556094.1231518626 600389.9483575107
10772.933053890822 428741.17557466374
728662.0150641062 396912.0299694474
995190.9453838292 16076.32367773204
669574.6809695921 839566.1925932033
701362.8224051412 23741.797176183743
457990.3944947881 303689.025977007
157872.6052333015 194492.91505728694
342590.9301250426 644878.3777352755
528032.9657408271 391510.44266833644
223068.64363115342 273767.4131617424
600516.687230799 415601.6187245294
693795.218041495 278871.27131733723
534848.4036383504 979108.0041227542
760986.5579789396 53172.05634822864
196339.70572843606 624124.5191564943
101011.60831917755 926072.655307701
965166.1663613458 202411.79358415163
527906.5570858604 470062.15627750655
719844.6183281997 499479.28335785697
191626.12017868308 89128.64423235256
699941.8532892689 813799.1264499216
82410.62850206315 679112.8316132906
730432.9239166083 441007.1753800988
853537.3879518128 758623.6446371874
918833.798319728 460752.52890009887
69565.58258708945 780274.3931145077
746659.7025317907 278321.6019390703
315891.30441297486 892142.5060419783
153603.45439988698 183352.71796795848
580981.4708308113 249613.73169852007
692332.343456609 843443.5402992849
62982.79269603546 754564.9019373157
319930.7323850975 886366.446202177
686615.9556473049 996180.5244994211
981405.3559192488 371861.17308336165
8007.9412028981615 721825.3153445516
742322.0284151429 63121.42513023577
946452.7825335667 280592.6175523521
30314.556179400155 747603.6980607585
489857.8607785785 226860.03349846773
996980.2033525215 66011.22628518974
86485.91999213528 148041.7398359194
874390.706287169 406037.0986091315
408977.9644244356 922205.2963606545
484313.6679141942 7726.379958766461
180334.654915682 753099.0151876984
173810.02005608293 781272.4089655037
399981.626676238 725613.3265215614
109398.70491990056 957737.2690571648
638654.7182960482 236743.39770687147
248782.97816720273 401963.4694471225
36149.49993096239 591015.0127500342
486011.1580712606 717634.0310047815
693008.8445532867 419270.3247597478
50518.52540787261 70543.58059487742
577061.4541251863 733778.2092048514
431903.2539886585 959372.2850174602
434875.04291833745 17778.082397585604
758423.9742787626 174070.24736696354
216321.7002412543 304364.95193513256
77713.26395314626 576201.1216115777
207864.55721600482 137528.5982936213
362041.3415850182 798147.137447321
382444.1897820999 86553.32583481379
248315.4063113815 525064.4428292994
834093.6961032186 533639.5035307793
530572.7957604672 37495.815408052134
288622.59913894103 900215.7395414345
765043.4567255094 385106.8626904075
248501.3287204162 498020.2145938012
581238.37062548 928421.7010960698
793168.463566063 928997.0190794336
367428.0809729902 939418.3664706533
353884.86202425516 210683.47952841737
130509.15258179275 770321.9628979019
127739.57358496136 827523.4342393054
977911.9896847843 45153.155517513864
839944.4161895687 739636.842858874
788086.065488591 795541.8179399143
478926.0617993769 586192.8340036104
829431.9587670582 713295.0052654302
641247.3119128273 2327.2828469931283
959242.4227453689 490218.75225914834
312176.66524315777 552551.6224660914
649248.6983067578 426988.1146419482
494824.2234429039 822235.2756482499
753676.4953658085 5454.806133514123
985211.0888557588 925255.8699576098
825954.0377693243 734067.5811784088
29905.78410748368 798451.6839895995
875103.4725041066 274601.83107945323
79382.35260561277 457709.0197269892
974542.8125857136 951286.8875151238
700179.5740951012 341751.3669562846
763117.6135282444 925026.0424302424
956329.8699699095 189831.02311696298
171048.49758811126 463693.5781357908
177336.60121792817 419377.8631378129
27940.263546698763 559066.2310428504
823686.3961214771 710717.6568181303
27429.105022625743 244951.02529955516
771491.4478262478 954769.122722015
494564.54683834384 544264.466680196
271600.5208505994 375096.9517189969
875271.0943962906 271467.2690126375
147618.15252358047 194342.29893342347
955703.4259426742 593530.8221563258
541009.2994762969 954191.3010362826
44920.80696438827 637386.9652585405
71509.4199738684 486247.0733321441
61263.912878622876 78533.91759830918
238455.27546729273 22363.585013742915
898458.7532729718 965014.6837301276
561840.1131387412 784586.4484752173
695359.0902979352 259715.18831351158
173139.61959278755 39467.067954184975
56614.54530438115 270853.2837337082
971497.7230616078 752211.6350029071
949536.2716338049 204725.3074921216
991925.6672191634 696939.7859815109
88506.8128256975 920482.2356383622
285160.1862713956 537794.7529857971
332268.0528535583 787935.0610758222
388162.3195166589 511401.1229386961
285643.29514923715 890405.0828657242
535179.1098085529 279600.63739623345
913876.1451482283 328871.5886400625
136373.6757159174 411586.7682011798
464857.958163191 791359.7443173553
241865.41130602846 115668.32392377857
773796.818450662 600451.8168961988
655616.4056898745 315991.62461253785
125977.74370592652 370632.5402131538
919311.9213067495 887395.7785649637
375003.0297385063 282603.3548412361
256467.46886784234 840725.6796722121
428094.2461119673 769635.8666198812
590227.5058724324 929710.3233742134
538833.2189983426 558984.0426590998
35728.776054182454 295953.86112097313
980591.3953149721 752067.8080802141
454453.4118480098 425978.0764713869
986708.4841292718 674313.2636904604
848957.1518134545 839636.210534172
589703.0232527611 934397.8009476098
458681.22679191147 765511.0981953135
550421.0388800078 652264.7564789071
829090.9010883332 485421.32615714497
457147.39420992933 252294.5660915681
636821.7672794596 943474.1830297195
674481.4142529158 27517.01925339778
719003.6806444953 611523.4475516564
768160.7938635711 174675.9369600228
702197.3176285198 146716.652225642
914915.2399536563 129113.15057599249
449826.9934463145 444986.38504984457
734593.8885036652 170277.9607523206
822762.2732673018 404553.02466442646
764642.608029081 753680.4823781591
226522.11559591262 22601.0921032479
26526.71276352403 316827.05216639984
670010.547990628 125535.83884477371
439551.2031555887 341257.37553522404
336386.73526000505 630518.7748546277
312149.5689643063 927976.732950648
395291.5171751177 441534.6907411274
698259.1290509189 862536.2073461891
566564.7187321655 831839.2771428485
375356.4729532742 832720.5512670306
645375.01921548 697460.0419756654
919754.5897862765 517742.0820302109
885804.1461966982 459901.13939278165
303756.75103367993 28336.80010329842
205347.6887845681 323683.33931843063
3327.317698788912 893810.224868947
619777.2641639869 84330.88918481291
799772.5552043611 869729.6902081881
