316611.78746025887 647862.5734228864
62381.95529483104 193305.02822996222
788031.2361084375 58179.61910431424
837454.7669264196 463496.8440350575
219760.6452903087 413101.28179620043
978797.5449594088 759340.5141633007
170084.70878693782 61128.19073734521
593571.751633992 868553.806781946
148756.15032569235 238337.44151320957
610927.9422010735 561327.7031127146
553535.1920017301 144838.67752394752
9206.32810000621 356810.37047477305
83678.75976623573 807363.1284311034
426938.8604550746 381508.6582626844
782470.0656260253 482731.22547509894
70966.2458381104 881599.4561180533
572135.3958150803 228478.20980986845
587120.4047240743 545417.0611055081
114642.15580791826 402925.408592756
178214.02723603285 468462.2708718497
389209.46329986636 520634.0077469351
511932.03165831766 6736.883971613983
377346.95284800633 525345.1280206521
516155.91604496626 638911.8166616076
123133.97971303975 305056.1042095885
422277.9876385131 156908.70455841653
550830.8242386443 678156.9759486994
620616.873581642 890809.5643620851
686809.6487487338 947590.6759432532
860366.4890896587 333963.7440121141
844081.8419246231 327213.36751460383
194328.7589144823 539251.1346127646
603506.5231679528 66263.02393086725
159029.0184841422 555283.8075642815
729657.3010253877 736269.9842053278
270955.4612352315 716274.0412548264
76826.13018976426 733623.7555254191
338331.12023398536 911736.6916074284
424366.6722295685 708284.526576073
549699.6557420273 168483.83126614086
925604.8141353431 724766.2564363253
51836.83260707528 425836.37874198245
883103.5282728267 609088.5136308892
20279.38363960513 321147.66436285415
231699.29446923576 662327.042148755
126025.0441764258 843438.3715753815
370828.5480324259 343426.0492608601
864063.3054734293 182204.83770737317
666719.8079258011 878738.8562713502
554762.6264722649 386699.900177718
627618.6639664088 82446.21966895649
663713.9235093702 653005.9443814384
501123.4905837748 134910.03104779863
43131.91664551086 744674.0240975942
585683.0683236596 83988.03693654844
512863.60920292704 78720.70778827966
57104.364337630555 102593.97630262945
880662.376830163 589070.6090638005
449439.49438466824 371073.90069475264
205184.50899077134 162594.50678576203
371959.1647374496 118446.87455048319
641491.4998105231 814036.5612433107
253290.6726893226 361072.51295319945
495979.21191787865 598613.7435691481
610759.5642630713 913528.8468728628
135495.3427272323 803965.6000803882
316460.79800368554 805418.7755613701
576316.8891527572 815844.7108203655
730479.5816656968 714678.4598337973
192121.10731915533 714447.4069295336
25122.855055152548 865746.3250037986
150399.93581468225 23557.08027901149
549818.0943351291 268248.10152596445
321738.8963467056 593083.2526976573
991283.1326794641 405363.45530197705
454141.52592364786 468143.1611664455
46043.97600518595 447841.44843271445
976059.2892175048 899355.8212143097
287395.4164470824 608860.9492333307
752958.1610952715 97753.71641672659
606420.0647488878 180642.22376080253
390211.7053586549 766780.3344569083
237143.36032154693 712282.4400068618
864826.5735249844 907013.639727136
529810.0636666092 109560.72825453522
767753.1228104103 978782.826770377
887246.1652251852 888075.3695562789
277135.0846019834 345428.79269036266
468722.87000728195 428971.6008467909
339608.0924874482 754132.2482746559
507880.6714905555 333569.20693414105
657907.6986510317 801570.5358911467
932060.8866314443 318357.86558359757
905057.1591568101 371625.0479712847
592474.8813908541 753948.8095889849
649608.3830567704 498158.6455206998
525196.628421852 936066.6631170717
63007.28118132248 661581.673957217
432503.6951047547 67307.13423968526
288554.4540940448 273989.63572459156
869944.5619792681 294248.1615850694
295566.0715909376 972986.1814612651
792506.4480459666 370468.0592067906
89891.74604869899 784444.9114199452
308993.1677475073 598269.509862363
197919.97208562618 494647.72754745313
409745.2134919949 41569.97904736892
164465.27501991793 967922.8261039607
768474.9271213185 80660.92531529645
953463.4974691614 379098.6127997806
782188.3162606377 906344.4552527284
522577.7745706933 646484.6204500832
764853.0613315372 586929.061923732
808754.0138883084 716518.7745888863
642259.2146833063 407743.66288109054
30268.985282002835 710179.7770504626
615809.6505040999 100680.14501973422
962654.1157576769 138585.77590535703
362467.5639461661 587185.6125576133
286965.5895602279 72973.71045506629
789463.4052715282 418639.7117558266
254860.72517221124 3353.6905803166483
263793.9788731455 197476.0030731275
593512.4669437608 777872.3517681103
358946.69128543354 219688.5874779596
109001.64471264584 407072.48808289896
770243.9950940459 31395.149993097228
421076.01652788016 792084.3217377568
14598.615703051431 540993.8696201558
515962.06758719176 681101.7436699241
820696.367232884 507017.80580710643
980858.2195481326 684522.0402411112
603942.346209405 853395.1914420967
393824.1980855836 656836.8673350443
438712.38855877146 553192.8108458931
776797.7027853514 946554.1196633438
315988.82316167135 898102.6636224835
579971.6358859055 455948.56113370444
541607.1495118024 715421.1262376899
715568.5458033228 70366.14979585887
279111.29808087973 104354.90555102834
883390.1000372394 82623.22110884846
471909.9418766254 859577.6723569272
868840.0080845337 83518.32736233111
899835.4643509724 963635.2892963596
520562.7285987979 681505.3673461194
888171.6895795269 234890.83479299533
943710.9541443777 779222.0277339051
894837.4483807277 440653.17798763514
989060.9374230654 619760.4510054127
331118.01105007355 881962.5935950589
941756.5840365023 100794.53143705075
584244.2892823911 453348.7478861695
885968.1527012098 645815.5633447345
871480.5424087556 167647.07406934342
747454.3889995213 670200.6962328773
774533.2119838444 226433.0727413887
614008.7483863761 231788.29044525806
162576.91044184432 969123.1353866908
497001.06467612827 898622.5401053366
303608.16560873925 43818.857143000045
355155.38599538896 569625.0315171311
273117.0868107087 33789.36827346035
138449.08080987583 937213.3643725626
557109.6751606656 845797.8434721952
924852.593518499 410019.5124273142
335116.3355675605 919569.9929856688
342516.8488200818 528288.3235607863
847743.3332401115 992788.1308266768
635600.1232041039 663484.7913747092
49402.56659926956 233544.35092010573
182270.92018545154 319820.6367133557
876482.6871822268 509874.1724051168
269391.1498219829 765895.4482771592
938251.6163000271 780416.0128384748
496352.1725775214 986584.6258626941
78936.89110023572 284133.8754911098
104613.53039338661 975552.2084825415
819741.7519105736 800987.8895233601
37300.32564335661 917408.2370291663
159646.15601398534 380348.0860141218
713971.9223975193 599580.2021451301
675287.9911073833 192596.23069433018
936045.6008597558 982234.5453524364
652619.281301915 779214.9576245574
339611.3547012006 332837.83322016767
430356.2506570198 936814.9764006299
907246.4848587792 47811.6334273152
21152.822967997476 664769.9140689577
337420.85226639087 505458.8401373208
863565.1064818391 472972.96522849676
944130.7835270067 705967.7120907375
893436.3851262972 633838.5561364687
71927.25081991147 658281.0264000891
66584.93460616966 496062.24432667176
775148.7204104002 592621.6178993047
432703.004388752 172574.30421867603
928794.9849155361 73745.73030248277
990528.349963278 594898.3777270427
364374.70165871974 137823.91419355545
792956.5594985103 405650.5875903107
198392.87881768518 338485.20262319606
46874.090077202556 496478.1073704443
808298.2675924022 118713.11598807055
93907.74456960283 120215.79992461795
108015.75957978926 169833.4002480446
996411.1146306676 552326.9149160589
595481.2664302667 397584.5928585725
272988.5899683664 69280.00459754291
82946.23400361867 885970.0419546444
88291.3313846545 82631.83067576397
89899.07086459715 763312.4019965265
589734.708628175 335604.77027170133
364656.8072179785 110286.37403193819
132087.87420747837 582683.8245645333
618842.6936609993 449687.7043895796
745253.3853659064 665615.6532506995
853411.4150677847 878187.9458002074
741499.089134062 234299.2354822807
483791.8437480154 576176.0769521593
134111.8072857176 650785.1160906239
459738.8772010736 171573.8694086576
193541.94741112884 811091.6526766077
354404.2692148316 722922.400559466
736799.1387821079 594845.2945784273
893756.5869266337 736331.6888379809
632886.1936911085 254865.26023879062
565299.8227544734 106731.3241015193
32281.014920013116 42162.84527009073
826530.426957902 290419.3466930058
11137.042212911674 505780.4904179911
167106.9247014638 177931.15580906704
534190.6812003584 721610.723389947
758678.4759085561 713578.9720515073
370052.9182104187 754467.319324129
117799.74177250086 60635.90605409719
865703.6889111509 793810.5597037199
951698.4735253853 200637.7148065158
595921.1935757245 716359.3182029548
72642.51464212635 510277.0788176203
