811933.087128134 662145.0818705992
235917.4367795185 892737.2365283606
85830.51539636843 502614.71971271985
970614.5825738148 731667.9719348514
390970.75300046237 196525.4290307269
431449.54573225114 372962.52663913445
807026.0701694456 285603.53249166394
439273.33552251826 679571.6902809192
709055.2708397139 441322.0986174099
986701.9709503148 958714.195776414
240654.43754974636 540057.4513781971
838956.6880943831 351344.3573400686
532773.2830883334 243229.62504968504
165543.17862758518 734615.5406618717
505332.59728680714 852888.575380768
574343.881528191 407440.16630605893
284991.3039088953 720894.8801545118
648691.2780975507 727478.9719034729
804888.3539820903 326225.68822354503
78381.2020931266 210350.25052342372
65696.5226520736 421178.38053461286
949447.9262353155 131260.93487249524
598794.0642888233 621936.7559080751
104099.10786176512 554337.9741856762
679413.2029553144 430280.4327988509
381159.5567256667 546870.2240921597
405097.78718384495 317738.2680233333
345895.4882359158 716736.1945676781
569063.0297746632 512540.02741717844
432940.31468079065 819762.1763393247
470870.0774841882 401925.05310151936
998010.9033703643 504689.52911451925
324403.3683988918 22295.37397129755
840546.1127134708 549735.8944600112
336085.89955963084 488410.4813386604
517835.0072633153 302888.9843987974
978042.1309939005 442528.4770627004
408722.5922825523 831348.6394444436
319698.9666801662 596089.3336521841
12802.259614990819 897866.9503299104
828776.101214609 472092.4341656214
127759.93790747308 905.5244855835642
776284.9559960379 911434.5467012359
693056.3814057758 256873.94765048832
920077.8983653829 629548.0157732858
199765.31584467084 90551.61214806973
828776.5404781029 511817.74472424336
589318.7344608721 808831.7525320532
635955.2948425551 430969.50141083554
97293.88802477079 236359.24033904308
308865.092013727 71761.31187859325
31928.530132670276 501112.7617079263
621314.8051200184 971453.0524411034
963566.1983194479 565950.8959431801
799884.4548026158 691866.5434219269
31406.156119427877 749233.8660552062
609500.4206744867 452400.7185286518
864411.9437457132 44834.9313980243
618710.5216450243 553446.8698501365
143842.53258012203 871538.4374027567
871504.5012074836 830487.5404173236
5115.577228331558 630137.2883516424
158499.22740305765 110950.78775520962
750693.2220730557 632940.1144646506
799453.3532200938 231686.39174445148
462547.7001176487 946533.3222196045
615839.4942825991 13382.643208860734
834660.9482801296 928584.2131899465
818314.1521471312 415276.7734934166
368134.7875192541 253937.89566263603
389002.37042920437 389723.4507284899
865670.379931368 115220.3389944495
148108.22053263185 819887.9178370637
872071.9189914332 813872.4746394417
717294.8508845406 106475.5221557484
39784.72977262293 838626.9445108593
340145.05077592196 157003.68635669636
897893.5085719327 985462.7312387958
288550.96752322005 931599.5968877991
202266.78269640863 425947.31577184267
542554.3234592448 230467.7426302577
960799.3768240346 150875.58111213727
783950.9890330102 143209.21395196428
190170.11372249137 160503.8541364163
980630.4110980235 770026.9342436271
52727.55891851766 231283.1245719883
119173.05166302783 615763.5448469296
60186.34757021357 19142.602497084772
773225.1081581069 819240.8817438574
394820.43313057214 388317.0210369357
88266.31798704177 762161.3388237334
688147.8462523208 539397.1291957524
495960.4804621056 808283.1994171371
947485.9649811023 799134.2366607119
278760.9937388392 632210.498146168
805499.1399172846 964433.9106635657
313428.21658176533 902621.7224379661
900037.8581612002 598694.7691300833
45989.99067947884 56981.732400743116
503338.3980444237 601959.997587485
35489.72976400411 505504.86285949027
867413.9349030583 672986.9323960185
718126.512459628 727696.3831990317
158709.77443685796 140195.95903579306
75581.23484720346 501834.4041804034
376720.45765548537 37121.70026183581
978965.7927127294 749738.073136144
19609.537172337044 536674.3028378624
342415.5280290342 275787.8541116289
83364.78018423 210393.12455552595
472832.79396302893 866390.4111480428
969770.998855427 621062.893962637
635588.2629576301 543013.6019990061
68034.98211320258 608165.1920623862
279454.6499175069 992007.571061573
399059.2261560827 80148.67079628019
88999.23636486629 44027.07058325528
275981.35510118795 783318.2328143452
238493.3529422436 430764.35152164503
286376.2108065034 315570.62951485923
867307.8468884971 620252.609220902
585624.5843867547 581949.119397718
104475.93943920675 605724.2475111388
678306.5793570767 458532.60894827417
632677.7067182413 967508.4768491753
801747.9926418314 483749.04048704036
288486.2688695865 7841.12381330948
300710.2891402126 395491.3994607081
124042.41449237385 831636.0453062719
544169.3923929933 298054.5294829713
56280.8290324045 224636.5775743274
745077.214093587 747711.1766745381
553630.5186155579 43684.14048083802
894830.7518486986 355892.55123564077
785262.9205264567 964979.936690325
723029.3467305423 778380.2022335236
449198.33208795724 643934.7154805323
717385.2654168003 558935.3146074994
934249.8038640885 724586.6936084057
991953.6728928764 537272.342766583
866464.0520974812 267572.2984850794
238656.36303655634 989915.831696323
509348.10534194374 310800.1627811451
26952.006044750786 630097.0017180315
339015.5722564386 106064.99989825224
288880.76595654275 843000.7406589235
223907.52206601537 863715.7286476458
723634.9690260126 896055.5487052319
646325.2182872617 656685.3864865917
698712.5706455813 948599.282018602
268991.18693860515 21395.363363935772
137250.866621208 78465.93913848232
933807.6315808112 157744.94158984075
926358.3015507035 160845.34435965514
29729.07545321635 608279.9994602886
328166.01726660965 507329.0712476566
922113.3700444242 451313.9008417582
285291.1944125818 655129.7349156636
525885.4648258463 34575.72159825684
278207.95096413465 799722.8330766689
332163.28238679626 449536.11753732234
986875.9026464322 729392.1877175957
890371.4198928042 966516.2223255936
731079.217907814 334973.2280180876
705397.3897963533 592503.3575641993
188048.57522295692 878338.8935747036
224700.14279336325 262309.2112210538
724433.7656749039 981201.9187031756
672444.0571524486 421684.6449738667
245923.78459895414 534512.7053476254
388519.77421931905 642888.3206292292
860468.7512071589 943142.7154887592
445834.3546049992 4535.267296870704
356137.3219734002 154484.99146359685
927110.7995638817 99254.40912535466
818680.7038491265 876134.4930191253
239519.4093375074 200205.2341811472
819027.2659776857 941284.6129197768
313323.07343360124 218255.23732165876
983499.220306052 424983.61720438825
221083.17238656196 411352.77094416146
600496.6513780708 496140.3068181778
925880.4345520255 232073.52645499358
185742.1898884164 593260.758185101
171927.90325802466 730397.2679760881
163407.4407187933 573460.2532472964
717223.3310750602 171727.85731473195
875866.7487359316 948714.8400374693
416199.4110312571 739743.2000765654
193387.3163470199 121064.47663787311
401737.38584420225 493991.07839603105
884642.1935352137 381504.76052077167
997372.8106399825 200515.30106535865
174.67767945544833 65612.96616890423
819088.4074341976 397721.9399590034
605436.326755487 742703.7228325038
12819.676014817038 204828.72729724844
201055.2889456727 229210.78232623503
25606.581729237576 192484.63280355165
479809.81983756996 189611.13618988855
617337.5782633021 820695.9293236014
728661.9044067746 275310.2918657665
729612.8568791649 996659.2074495023
632446.3742217529 537929.0910122263
388563.37986731925 369404.120601583
993506.5298152595 253887.68470480526
811678.3555582991 129953.71137991008
327302.83666569216 375061.44632487517
642160.8301742948 271674.7147928076
641178.9936265841 904096.709194192
329969.3860950368 706989.6704248149
178936.97893581496 12167.278898469913
183417.43092591478 273048.80849423894
543247.472327706 82044.25145216477
422041.18899623933 762359.6364105742
364259.72517076234 757719.3739117818
49460.04981850327 592373.54085527
995736.7801550772 202110.68206165094
74636.3998200903 585393.3144380925
806395.4266577705 900664.6752815819
770439.7924405996 677960.4852500489
217136.20318906812 586385.0029790534
377825.69788476883 230912.50114700335
24735.85022080038 62955.41354658796
474683.12041316985 284428.45994119626
891241.2999290479 153193.0601297411
612376.9989667 427073.35228532885
271899.4803907017 913242.9726266038
753293.6453037317 266579.88054709026
161347.09973003957 30427.937825706074
96076.69238406146 537406.5286801958
398892.1136188555 589363.4347932527
68687.7393079619 50716.895412943995
112949.53166885591 115596.72306471347
892110.020323306 512659.30664263584
587038.2837584591 302487.5615075914
242502.7120766827 248752.1303180622
129231.59177785837 900430.9729536125
993885.6038327826 303695.71754766436
189032.8456174899 57897.07033710123
774834.178142367 335770.4923252477
141732.59617327538 742311.111766247
845270.5389578455 65381.28007732791
210473.18030693874 889120.7642579575
897065.6493895072 537594.5410998573
412356.13353849034 996967.1045427719
528642.4253824677 460813.14584500674
174322.04642592376 958986.3481593218
277037.6235394335 233153.7311437083
688721.6006779398 315505.36692247435
680737.4978772565 717197.3073085957
176651.32491684356 223812.29534147418
76578.73251265957 388428.9771245375
346768.22462778154 387701.7388200259
840882.7911379194 528068.8876699717
99595.71453763927 860760.0459387387
902159.3946193953 327948.28357770946
543144.7180546061 874566.6238433127
57312.59404955391 483672.3088680375
124324.04239037076 944220.5399628014
145172.86903734205 158809.98896242082
468685.3318586302 587378.2042221741
377952.72956150025 112091.84691114516
320617.5116727247 348460.8966327485
328247.4856157801 571292.604666465
693619.1053565736 532915.7182773033
304020.2858449122 668893.8783579613
137235.84286581713 527540.6562115444
312357.4871441384 208674.96336866397
568726.9738727728 937124.0616132184
143793.6834400717 736831.6670467849
24021.052616187477 697566.4744747131
892673.7332594435 150167.5213533262
784186.1423899296 516797.74831474345
32227.98026381746 955305.9340534979
520741.1922627647 423834.8650025162
574460.0010379691 850281.6473359779
98111.9041190196 93774.33460915496
344930.95370689296 844122.1548884384
651031.0419127524 302059.341931287
