756610.6265233031 716122.8632916427
21522.498981789486 764286.3441848017
495422.6589179386 406440.0814031055
946917.7263966233 210049.66153331584
754655.9581812579 425890.81483448175
554918.61214564 788034.813763069
539684.3179156557 663484.8690046876
425676.8001944409 6361.840367575144
992540.7535927074 945260.9242375055
21047.236789531133 59188.96200887747
946955.9464890973 297314.94918477343
275221.71743892186 17222.619485468214
7950.54026318609 977550.8667330686
521346.5335925279 332790.00768330734
841908.9707371478 643955.5401542352
224748.69365064686 941571.4133851697
264659.53736161516 355943.5080059289
746285.2275977139 898121.7752442906
295379.84756057145 790714.0138233786
818434.9173121564 595772.6738205439
777794.8800414648 836433.9460508657
82433.2240251936 141089.82414917802
626944.2158794693 390202.58655742666
843743.7986771129 225481.80250329786
878648.8689664104 61564.40636481475
623610.1397599279 959830.1362874134
98554.97220493715 899734.1332839382
320489.5986850552 162275.7624570814
615613.9701880028 165832.6082978694
457553.2413044391 906169.6764385487
387560.3814251949 570551.3430588227
85148.36891424104 723257.2831299066
317496.1176048726 113894.71838834265
457050.17423465854 678654.6281983167
859838.3655966687 915926.0976998133
593530.216455212 72650.29226754993
575416.5456351537 304725.67179240985
706785.7843262329 576298.6119569708
85378.49465178316 922204.623832167
809850.9878693031 413585.0750708696
726969.7478344731 419248.4180217383
38109.7360920708 4396.435967678692
549455.1881027155 548688.7840091805
937917.0487330966 375482.7623404027
939192.0821243735 385742.42659058236
274900.90394517797 188752.1933729699
713395.5613441888 779261.9900997218
418225.12028813444 999651.7297403992
976168.2125402358 788758.793627257
566950.0440063211 107239.14381021648
531701.410481972 430372.54772541166
613439.6789023262 902614.7557603214
473000.43135634094 309606.8993053378
111661.32299363684 560108.5417067001
957673.5796477459 903319.9622303909
798144.9552894845 443578.5888832339
838933.1627667273 111052.02690210592
416512.8160246591 12115.776763099162
949030.1847757295 268647.9060441559
198371.99960574703 149990.46247335034
102100.3344503334 97697.23156372411
154726.73073537002 303914.99649289856
275138.88699565746 115312.66557057218
336392.51256832626 738674.131268853
785164.8829746528 793020.2436091917
535769.0211431117 812332.85671645
453097.52811658685 465003.05759626883
444471.04133554414 696070.4379682406
684393.2743912813 837088.7020441722
575138.836843557 383085.1339883685
544737.4649148434 991638.2070177518
363288.8585870619 236725.62103356377
46181.51647817814 402430.203121936
885285.6175048649 84789.58426742922
914787.9783347981 370719.8189133514
449332.34942595544 202277.9173308965
281634.6818687867 704991.1936523364
967513.3470071325 171498.46540679425
32521.413459477677 217166.2667490045
275040.0946049596 769821.8854542753
672558.8489735726 377324.58297660755
275826.2708285396 405502.14415205974
525069.1653141199 99884.51736026349
511517.0216477014 325501.1830199087
724401.4140572173 402448.766147629
224223.4993833867 240429.4634227103
623104.3349750498 727582.2313592616
549127.2725980085 44885.211786023116
160110.24888267988 34795.447218307185
517900.3340490577 520807.58469422575
830308.6758162597 255042.0609003191
354091.78565667296 835150.0574830299
484352.1482747679 461857.0940976543
297545.35684442474 227943.13581722614
471827.8951999024 634423.5633474683
810926.2423527506 456364.5629421481
682460.9609346993 362066.5863748023
733874.0984279861 569510.4166973261
523967.35635245475 964675.640890548
373521.2244319975 969329.2530083972
490073.48499077605 964898.6677909134
505766.76056986855 381732.3263744811
696428.0096295257 51463.29690889273
924698.5872336562 414635.38688614697
320944.07054841414 674037.4474192569
548915.7331574482 734990.0736541931
505705.39106338983 339376.86112384533
631609.2472032459 766022.1907788572
869645.7463437876 994585.897872342
365645.9174987494 718958.290420578
604921.409400821 474504.21752338635
721631.1558998318 755545.6804586687
133129.42636695236 431429.4269967305
171015.32293632382 685544.250213764
890280.8108750923 201797.91726713447
284001.0956461372 140772.1299130422
271055.6453944661 548576.6451771478
325938.33263389126 468797.3891077565
257240.11624486 622802.0992533067
616558.8878996437 298352.7693759088
38656.21983785039 59208.44823167715
450570.3484145399 264213.92862459016
845968.2728160662 591704.7457235202
208224.00767303107 257367.7617207304
568585.7807476392 663341.4287317717
765975.9908591006 809755.1591645674
202584.26281293106 43621.531945963965
631569.3314439894 670544.2582645942
965327.9750979843 502798.5403696892
505066.24424487236 971517.2311663734
333715.4375511545 128582.3805217594
447321.01349624875 475512.3144121052
325339.72052895353 919096.3838595403
457605.1451728316 313566.78831405536
620289.7642329584 890639.9000647089
812298.9431062468 566884.8334331854
502607.8133272507 43059.55726643351
643163.4827862696 74176.3272527497
63948.34143087314 754619.384576716
416076.78286702663 348561.90777178697
871687.1290487642 769130.1728398725
739026.1068760222 687092.9040878061
278542.6466840564 642884.6213744173
261753.339247643 776963.7196363003
262834.1714128979 643529.4734071634
898248.125334176 55816.103590863306
672093.5169191723 359033.57293945306
417675.54213893664 920006.2434343128
161708.2496007195 469156.11800093483
179556.61829820013 102307.18540386108
304697.91334185284 322634.3616841562
990308.8334475341 482671.4321288105
941847.8703239231 578710.0856909265
528993.3712529384 127430.29532897887
219123.03281921285 343105.57165849855
360353.7753550844 962312.8793389199
614968.2545654987 336377.9651224814
273293.7761365885 334325.7232584579
720244.1426912146 602063.0306688928
785896.2217023739 743904.7693891781
252091.16399954734 587078.6536697699
356050.162094439 569612.3692844128
228088.58440495338 793673.1873240201
339905.0141523852 819580.560684941
388031.9745862423 762379.754779546
367138.2906738073 614944.4107773087
391964.4035031765 900109.7606011614
47604.26243095195 23998.519897215465
848224.2833726109 552022.9943369356
961039.1698731782 323677.8785871467
344327.8878701261 523751.67916640406
499082.0343493345 9282.655326177335
353852.0973806432 926623.354532925
168857.68440544023 13290.478933438488
768209.5626799265 326421.7276280954
468616.1540148909 418082.31068550114
570971.7720763948 361576.6523336972
324735.14463025855 114259.83748743085
745100.6618772611 334901.74941364484
724077.6164627944 7866.4992652036635
982690.1736744815 756007.9560016536
893080.3324680993 74754.24818292852
871601.6992913967 106271.37247526586
723486.7625495689 20525.43116466332
585320.4770234724 47.252287531773796
322314.10907394974 438095.00997890596
390679.88830267586 881480.2329860892
437865.4337225262 905746.9146749823
505405.6357964297 407099.73987417837
576656.2420115853 558159.2161193774
238175.93331312324 621081.3605528165
680632.02493975 990870.816125122
205884.78843573132 987063.2776611751
630555.9013890164 200065.68292840032
396405.94672101917 832482.9819598873
64360.54686425485 199078.93493252248
221864.64745345892 744124.302171296
63536.621340387064 22919.79561287305
768886.4898278209 169388.5845867509
204623.14738377242 451734.37555944826
789647.3478364298 648142.921535185
843221.4809252557 430223.94299089594
622967.2976923384 891113.1493025183
838409.2139023452 220238.46512969115
558687.4948228629 358525.3560995485
595800.4913212847 879856.4992854322
919898.2782879332 289229.28485411435
936168.8135160482 428770.2683106314
212802.40018626506 604989.3271302469
421215.03798501415 367036.10564547096
119935.76772807834 635911.8718455103
444250.1903219246 774859.9468158451
817277.7288824468 182935.07893784565
615720.8228966792 898981.2746005234
754039.7700674497 156405.68073772776
953636.7955306149 148011.7500197353
933474.9858879495 581637.9776672198
583754.5239364103 289487.9638811945
964188.6236156859 860114.5497765574
45460.64828219787 878817.976759399
53844.25045033159 567514.8665819766
243220.3347451455 778100.997068501
436369.1700908374 728036.1094739961
9280.026532860753 576473.7945132782
260405.8075316513 201364.16628143494
962399.5909282073 411273.58245008084
155017.14001514087 1524.2512240648543
573690.234639131 946203.3314970518
79392.28447228408 51110.78207060271
585554.8920099454 911107.8850704876
242904.8725065177 355443.51849675813
596622.9109936282 156590.63224618763
314291.789533201 803010.1708628533
907035.1752874431 263941.06964045594
632683.4364224377 303700.17789372994
361896.83770907746 59967.86103544938
574600.7906150754 961431.7097191045
76883.81965648239 650964.1785637399
467401.5665146045 957456.9617169086
882001.8559452143 910466.1644280045
916269.3632288746 587680.5924068766
409185.0651231352 800476.3423768581
632206.1324481914 908947.9340354961
656880.4218472383 202218.76854357324
185109.5890033385 127881.60198701415
104321.27879638974 679597.0895630543
52295.29450172099 60647.741956597165
15503.425339997822 330197.6842248362
69457.19462533518 598293.4440888158
602583.8825951946 553448.2789229059
606143.0466156978 136545.66597258588
794104.3606364239 998980.1230918223
924436.8259446773 11812.69883368663
585361.3720905485 552858.6948975415
121160.52230734087 360846.3265990476
592629.550356478 624623.09188854
132259.72770020543 588908.3834315883
307186.2896912606 908045.1831264925
797554.363232853 234884.74064054398
517781.47302734776 918466.0188016351
372815.6484424489 231029.9086048103
96422.22989528459 8395.401939483627
763146.7574687499 95565.47310305508
308254.0742152453 785562.4830379108
448392.0528491532 770769.2904064105
353477.4712735882 903356.5950676291
863123.1637400443 477734.36359226174
714604.9277058794 376181.7550171827
689003.8527843269 449773.02738110005
680231.9600498249 55697.86126850562
