758143.0317649272 542531.9391977891
746636.9278978314 698278.9010234479
492090.1874760832 859393.4734643894
283159.2762689449 349115.1471352204
745582.323845074 869402.4541237097
380604.6237224219 417022.00013618765
643911.9945775975 729152.7840389895
823088.1274445715 971523.080642196
151612.1283102887 774212.5342128045
726320.684425536 540350.1367655398
232747.18922509186 631034.7491179447
714217.0927519116 659332.6829366746
366637.7776932681 663152.2689977117
586487.6119008464 925890.3347353617
642571.0842848402 825201.549361509
15957.566116917344 426978.54702740966
278606.1849848408 284892.6233758713
219925.34724195834 208173.04384814718
354832.5315660671 811832.8389054335
657435.3987249968 775700.9986458463
694705.9512363547 761639.5261370166
472570.93585578393 36223.2826762604
97808.90493025152 932478.9793961514
491559.47576811456 609391.5182157711
165776.7948927963 313341.9234637994
439482.1454694615 137562.71253291008
434118.5649339753 48323.32279340568
170449.20687820786 873446.3499502739
491014.76721842465 746669.40407579
594132.6345108388 536269.6710071596
41678.78748595699 740642.8543152742
113457.90559654446 335157.1848786512
978649.3104406213 40211.013675021444
349362.648448712 790560.2878088065
359125.10107682104 720058.4877679211
101944.93775053092 570886.2118177753
919888.8943802506 699982.4016274196
977309.3592401223 324999.4100063116
329343.44113865145 444150.6625820274
561342.6219615726 863160.4709338713
140563.78294186856 606122.5786856521
681330.1648759223 676927.5265502097
292751.0853615515 140136.82752577207
358451.7607349974 180858.4047870845
538903.0747971772 625499.508766165
319470.4231620104 269087.079346957
115138.84559635256 658543.024038774
320236.13983600796 283794.25180350104
904212.1755516394 527419.5493237512
486709.68509711255 881757.2945957105
860614.0124744953 593905.5848682579
904310.1986905447 627337.3919694505
314994.1544222784 788482.1763189288
662016.541998301 194767.90938197618
999589.2290718643 862969.5194571256
752239.7203040019 610234.0455933779
583489.2023630381 361788.51514769625
826561.251124976 993647.818012197
319920.7605328551 780331.7670266792
618469.3493885534 383747.1238387793
250062.2716678421 927589.8993685906
30664.329311663187 950252.0391990949
110689.4385103927 55113.87824897696
315443.6673116907 668397.6304729634
790792.5420800812 406792.32771390094
666340.2781369438 166189.93607146037
902239.8515308427 462726.5835047132
51553.77429516417 62779.589597872
229346.00670946014 553793.2911373966
207786.9648442886 837439.0829716854
661804.8811602849 267502.34711000253
593826.841613579 452900.6886299517
357510.3335314801 631761.8041430814
450813.8718033835 549971.7958057474
916970.3335100428 51946.41398009059
312044.39434618235 350052.4364708646
287072.57734902547 718885.2916375748
739329.5407104116 646582.7469835688
164015.5491657119 776503.416046888
444480.3853251819 269719.594364457
651075.7318714246 622615.4093823935
623720.2331568077 995115.9945733271
405171.4505102929 687226.6922270472
484837.83298158564 350622.3435060226
389672.52408073837 277333.5697044618
145795.7565409077 451017.6657784378
907709.8521129073 491333.350757217
849630.8222275008 256898.92435656124
189404.9639572728 61791.313607610806
699222.7843993886 3218.990306997682
155240.84705450214 38007.663631896336
515930.56996083155 968766.0235181613
557913.0358631592 776917.380472616
341898.3883998292 751463.6955045091
720397.9174260353 764577.8894709037
975379.7028123213 390773.7466067079
432775.5033150797 404915.76627327275
248194.5307937752 652028.7191376248
237762.8278145809 193290.60225656358
116652.78918134792 111165.2638839491
393412.2715324093 278522.1137169549
357216.4688009237 432655.5602538752
869295.6493345565 613779.5387106307
481098.061851568 720791.6865206459
636014.3308292321 338092.2857263451
226248.14782765778 595840.2121490801
344472.45168031415 35234.43137976556
294860.16884194186 2928.7708640240994
316658.3792135791 365416.28582915966
266280.2820680984 845170.1282231366
550148.4710010781 907788.3097119895
279864.36293409346 584358.0519170957
394496.26182046236 32329.25248028995
608560.3831720402 89298.77360900506
244959.11893339962 989604.4947128856
284793.7514928811 226684.38513850587
847759.1311022457 889326.4359292327
66826.03846244395 41947.47995250814
832607.8367480543 23668.045084576093
304767.9891137732 946669.8951537538
383709.38374628447 289363.220351338
110033.75338194343 302481.7217249462
465587.4785377806 984068.6551130356
967961.635606026 485402.7920888415
498999.99158986186 875713.1518740603
107580.7057533903 143300.5193396535
67982.35300939725 289892.2004725786
566097.2052548415 807800.0266897306
962740.8249595715 356375.14949015435
658899.0204505197 929811.0176862599
678826.2670944609 616788.5444707323
556434.5703837478 277053.7820501872
300205.78931939 756635.2938427421
54985.96784274434 489598.82023408206
777504.0590233522 134711.30972916033
222505.2107656341 448506.57787003956
890757.3954336476 381800.3554701086
701625.2984822501 408820.2896464108
212498.71932946995 203697.01729863178
507250.87480977696 299549.47103965457
87107.25233003669 889128.3792027791
564859.9868231678 934320.6001428307
622792.8801161088 347833.258391667
225225.53523495526 83233.10138744445
490990.4744018546 384070.26730366354
310408.27135809837 963731.0082754872
559343.7610681101 869050.0301909852
883186.7048334486 125366.05667587342
903058.7427228088 231871.6432752671
540308.3208434101 252876.7100484215
478471.2458970112 304456.9917073268
588765.2157461627 620954.4930057115
146776.6661701605 724440.7837506899
905810.6942351785 15895.89920006107
459282.4844604312 238533.93087752484
123441.8833588543 308302.50880687096
183814.9313948323 693753.344404209
552999.6644820068 7055.571666309102
154452.555686706 365619.88424747606
90157.30837241709 856225.5102017417
50581.36975614735 966647.0149252068
450042.5346195458 73200.33102287637
300471.1918750308 281297.5057860274
73879.7569751849 875985.6441443055
29147.58079770563 305847.57261114824
160181.24236530394 206662.38991250584
806675.8429423204 474697.640740424
286834.592069227 67445.48614278456
159577.0633303466 87117.84695521762
286379.3620221452 818380.5659259253
400293.15252177167 385453.00085247715
765347.4231886582 555474.8453434964
27935.980595905075 721326.8444797053
614707.4443793789 746502.2267730762
930609.1649153235 981581.5903519269
612482.7110975363 76706.0497260118
78848.50975444824 927495.8577192299
448349.0583565047 405079.5232956941
474796.63372338755 921933.4689917072
943976.9925559515 241137.61327601047
474042.6018414092 517977.8875379217
667460.6253667116 492944.1367439991
104130.42950138185 57883.00356600084
979948.2513058375 306543.68423772306
620514.1363453952 34057.67141826388
801748.917712297 880687.0087064577
562876.5196498424 847431.5705909259
978206.5612587475 893031.70817131
16686.077768847674 938933.9405134369
619214.0228961371 148084.4282904351
795584.7999743652 562012.7387206797
836992.238515672 72326.87463554055
781913.9940184125 256195.22005124306
933218.3428871749 300977.5170593131
967960.8774060936 765743.1382207157
52726.06153900472 736664.7504039524
683595.1344172043 346815.2771455788
273156.2894808502 729702.6644196708
335254.1852102408 110643.35918754265
960171.0069354423 866930.7494547884
247978.20510725 367506.4197149155
726461.581326744 430610.97452754993
995139.6802232515 592036.932927899
788832.9095464771 490212.31538686994
29026.40771635545 366921.8548997833
261470.47087837383 293671.3971257633
559848.5917568649 893629.0096768806
949401.354616877 251587.491593798
855454.4239773965 134832.8119314388
907724.3676251236 357442.6065592954
950959.9053817159 408032.6316021561
234906.6566031399 917703.5105778334
115503.6478519904 463447.19073800475
953414.5847571142 746077.1211411929
832280.4757275188 3710.6816733953883
732094.38729579 486188.6752832564
336921.9405124754 282591.00680876506
506635.36999473214 224000.7582261828
728149.5227400118 453735.7499885769
267149.93720628833 441948.0539645294
615716.4870840781 796438.4388828366
906964.0813318804 274598.3628179347
4115.451877779064 270417.3713818129
466174.63448570494 748233.610400748
375611.9594184759 941567.6966624041
728633.4467869546 16861.975984362452
660524.3620538672 768538.719199716
987073.3258679194 227809.26640247568
379733.54816461244 11877.257395538687
920326.1590968736 245782.50851785776
836183.2009505234 369002.6948097309
108941.7919024458 972014.078409925
585020.1757344747 908105.4340459598
515962.20251531753 662382.1103150351
230528.83543051415 723912.5252875402
743827.6414170288 726881.4721672484
665614.427817432 274214.94337317586
203482.8019021757 975456.7662613915
891976.7672422543 770313.8455740677
165649.80712061562 527787.8400651409
310335.3230010334 547971.9004572671
570802.0459697784 332820.20965717174
402133.940928737 504946.41151833907
59733.271704392355 985650.8848323115
148794.00327459714 633383.5975251362
600947.0974010885 552468.5086583177
609498.5855594875 771975.6033341985
755525.0552922358 363222.42697251827
714797.3585291184 720254.8629328579
350871.60912052804 627558.1952281984
955944.4741514056 629758.7776829195
461999.71879156557 175058.51023237885
202427.06038807257 56408.346202950765
792018.481500219 532270.1176643125
314675.2259328156 664270.5974251674
542579.7905779383 935985.1477520207
927253.4033740838 215888.67452117067
350825.73284539644 406680.79423292313
796855.1420465237 101340.0932203874
471945.5831974572 313536.7372129514
945849.7686967843 810920.9250485596
356935.9406725022 276015.2532157668
996835.191213476 837204.4818906728
199127.02165436803 70997.27672543921
441925.25844662345 834946.6659344158
108830.03598058994 550153.2174698616
500488.8982042504 285073.4294381776
314395.16480894526 183101.35098201342
378406.62457346596 417713.07747967803
759829.9649791042 82068.87309252619
783695.8912064169 394529.1797033862
110183.15540536461 432502.9484852868
653968.3774916629 826795.1772372316
544075.9256466661 778411.1120907983
911331.5534198633 613540.1022288579
15725.17342286206 209207.64348429255
545968.5968501405 485851.8876898895
618248.9556264072 817655.043075348
795330.2760503094 810860.433837269
402604.4027304537 58687.15055937268
799722.0299095678 607791.9451689959
42856.8975387551 863373.0965611029
55851.90030139475 495276.13319647015
573703.8879056178 313833.38583877694
184640.1501928673 51732.22635670283
942330.6474388953 470510.00343016925
697553.4298475289 133023.31247366517
533122.6541405331 296420.062393655
337704.9120608996 531051.9807126366
6976.377919570509 471553.58720107534
