980129.1975598946 395530.02986466343
467054.2188720206 368612.1150719199
896956.8113735042 841021.8420720489
85400.46355566866 660695.2993566606
412493.49061829323 28054.07153643591
572270.9952351594 115368.14147857478
826284.6037971844 865242.384922258
353540.7104296048 700636.5979386389
686983.7780466205 902177.4399313052
468081.81494964287 126055.76769739346
506804.6395388538 667127.0590921342
618747.2240654799 129907.42416210132
617040.9237317761 5304.958024446527
747356.1244364029 261243.00819020695
305518.54759004747 913473.3106158705
248520.70642236978 345205.64197876025
119913.40435145526 97333.53765493324
761720.8018429659 951928.6007378655
772305.9291539969 673550.5926075348
7268.158532090952 181339.6831182108
673862.2809484757 139024.5168847769
888619.419465084 492243.37683062325
550853.9068289512 492406.50169431465
347836.07177312137 267692.3369611874
639886.0834009475 903412.4276780579
885784.7624317774 305629.0646913169
743732.1931016116 893476.8033043037
123936.080747455 264504.38433370885
354446.032340348 904165.2583868903
460531.01015310147 977125.0246689265
779646.4966888012 146086.97967055673
687452.8078780357 39412.840504712054
805712.1925120074 351883.4677901295
951845.5327719817 632151.6915902639
368240.58485494606 786272.8370126844
70972.59381960897 443823.8409494659
975548.0785211636 914056.329332138
759754.9671311718 5577.654604630667
629714.4302401677 426705.4031797437
163605.3478041476 647214.2200100723
295491.2669698366 504945.0932286222
938410.0359154397 377860.2318994394
568352.1889517987 809915.5860427979
109578.7604627102 490416.83571681706
536769.1052306117 398106.498377791
841281.7419908405 147292.0603873529
159247.0647530537 25413.354936968168
535952.0131970705 265922.5772735133
213155.2191497763 687660.8382946851
59541.263009925235 927348.3607679199
546022.3834884072 68899.86886623078
999296.0596591894 369055.5572328549
881646.8786458205 376125.0544556546
878752.5574981807 201340.73203098358
939874.6147969264 296333.23190822435
442024.1675450135 188418.52275419558
370168.0412849745 15621.662491033694
899458.3545419425 475841.7996704082
372027.0647579428 935598.1023045448
228897.2751946601 664012.3084822479
865483.8519157255 144770.50112140656
102769.91386799561 689546.5468520419
167598.62070648168 541661.3088776952
459123.58974632947 946721.1468039068
472276.9313225631 596447.6532392545
406180.79398967046 686795.3626712768
703901.774108183 888742.0598778501
703352.7629240477 370600.761934609
3913.971762618873 361559.6551299719
954030.7794391181 495487.7439614772
592508.0614665801 221836.65425543376
696367.7272927768 554860.7974468671
489781.2955449946 689835.3931131582
676105.3792438075 611102.2597273996
780761.9702977209 815794.5779059408
608206.9058174673 288971.1539117913
399856.43782783876 591449.8450167143
660058.6776818562 217340.23215308672
921118.4503797471 140289.87432860918
620787.2974612523 379115.3909474205
557751.4316663202 343152.09274315153
917414.4969322643 959988.357648019
507036.42331885255 782307.7651863697
24904.58459631606 473445.3477859246
784361.3993891648 345159.05337981356
422930.7239793316 13436.049235668213
603655.0669333767 649399.1142911995
294382.24926765746 659099.8647757086
742419.5629435104 914211.8865918712
275672.0625605133 686671.6654122142
935389.1994934286 329519.2376114303
536876.3464537826 460358.28264388966
164886.67050909557 333236.626894027
883125.515558906 947834.5877002291
143470.9196413805 495686.1706434117
283340.5341419331 794994.6259881712
232140.21850753698 448078.05552264425
711176.556473884 361156.516219465
369115.01409592474 829468.4684427205
617754.2616508674 76588.29072528429
534346.2997004013 525621.1799977797
239173.32969730676 321356.74946551473
587406.6108856326 246370.04884209068
14744.970902450415 713139.5535358306
860266.257312689 804730.4792855912
167505.01406512508 79719.29808509847
61668.84556198449 296709.7673701118
798076.7191465137 435795.4150277876
166801.23417292748 132455.61941959205
87189.01759702136 704647.6979448387
189431.19365440053 218455.26107265422
827383.5113989087 738974.7457646702
391623.2077309511 14446.297623340932
770959.3302943337 969995.9766574005
104629.73250178841 150726.45585824407
650698.6776481445 15349.484920424205
476928.87002307584 648884.7471227151
476216.14164541545 970102.6249368454
480305.75687364594 515700.10778643674
529486.6627097704 103266.28130092808
381381.0476268919 359158.1443205637
155215.19899756252 211460.59432060627
811196.3815689901 141745.6820324967
422485.70629112626 418724.33574331814
345435.9519136567 788503.244951608
683712.0904529137 866216.6037733887
84219.07759762659 671400.9505576348
263509.6090703435 383541.8322859967
714331.5955460503 959169.2026900386
365774.7413690512 35980.98603600597
747926.8390146561 972912.9520507252
421547.47915660206 380467.50572394097
898624.4599903062 639297.6306638088
102710.13288034026 802288.0401718455
568839.8495365318 664261.3169420947
321919.78416226665 318360.09282088507
408989.11417242576 276415.60878785164
394712.2254248351 888634.4306497423
447278.17419078795 19871.592770726475
540816.743604954 402967.9436968385
630318.4175055445 167042.95215795218
458664.3427033623 506985.68448057416
434517.7448946269 989214.3888349577
503087.89994090976 984690.4267662565
804995.3386230532 395127.99800646224
120297.78792019607 146086.72625418974
594485.5453533123 948242.9298310445
410933.2636862417 852763.8552243894
821705.6600465424 491796.04607897444
353242.19153219974 948752.4905420031
286169.19198291766 666439.4377342477
766935.6948639776 422923.42266611016
965196.2710187212 576347.3736736565
567824.4842614217 934568.5219538278
458617.64428814565 711562.453309033
93901.03183976939 370258.56557822024
740329.0322271797 860325.8324643978
623843.2526621891 411366.01793159044
533000.730337021 633027.607282807
708594.9949433556 13506.65280974439
534584.1584440966 918669.394022856
762495.8138252364 439236.80190535384
967530.9837705924 983624.5876629909
101845.58311367642 455825.62064717436
117290.51132627 567756.2823728295
995997.006340871 829955.0997278247
694447.7122520466 823014.1670813352
629330.9024582037 744541.2402031717
504233.59014181193 30218.181876100036
196112.79088799216 958915.946199911
940109.6377886567 833352.4133635971
808998.756448333 267063.3499090739
502695.4806380834 289041.9143933648
79027.28246667956 186526.16615149454
654590.927039338 394542.42669569585
770658.4332788829 813349.4829753019
295177.4028776105 975352.6479808013
34953.187902490135 137288.26451208975
438767.761554444 191983.6822468487
267263.7028605985 342327.62195532164
655353.6963665839 943749.5619715571
169314.0550603237 462735.7732497636
991484.8129986948 914283.474905367
899222.0289629627 446630.4374009833
132463.02939256126 681254.3485623695
434858.3645450208 419598.48725708126
220402.99805923947 937175.6849374037
229995.54141777824 33934.32316023215
393696.4089357221 731210.6508596477
218392.87497673288 710220.861007137
348679.3998096613 865926.142398176
429374.99683558824 122935.60205327325
918848.4865520522 791018.4714039131
756675.6544828914 984210.7337017284
43031.89683475683 227033.2113006528
914431.4527731197 844261.4673028036
989686.4393732755 725368.0274404571
779927.5803619128 55042.1030322531
27557.537886852668 73411.72931233796
394789.87948962476 931882.9941334758
75153.62509855661 116596.41189818137
32710.649680681046 466566.03334555513
799177.9902601517 119800.93086631782
475949.4727416602 750871.4296454415
434906.6558111457 274903.2453464211
630102.403894626 7817.573435817792
284780.11992732156 384530.65603409533
901193.6307281675 351688.41455517133
142774.3925550966 797256.0866190194
623641.9587177399 814973.1137162418
688349.1888002035 384694.395813188
724120.9479521929 686962.4433459786
142327.45405451342 78549.03218534004
605146.1604950957 754104.960407748
193985.86032139463 537394.067986351
103744.54274995704 298044.1514748026
324778.3392866686 472795.6622244297
231274.74206290732 310369.72126003605
39297.7976073452 3563.618871397001
789552.0142519141 521653.34281540045
