958711.9566112773 128792.6935012026
945914.0861452704 189708.15724929556
495805.94867720007 181220.89729090608
505470.3520504943 783927.3785979376
939889.3557040303 508151.6170571892
236934.11181539737 647311.8169659941
302054.29106877703 648608.9869545692
447445.76854946563 688116.0820505839
600046.0624644984 667724.7648890326
175.86775758038354 786613.1464125891
134972.3683642149 877162.7611186753
284073.58891385305 226411.24259093482
312088.84320889006 704953.182071132
599792.8686012633 565460.4820372371
651871.9092036367 169408.39574258172
5647.816961101171 271883.3183148682
577553.4324226767 515455.36531720794
705416.1221660937 577917.6292649431
621073.7382125243 596829.0394918799
979323.2201725702 400487.9911396246
302426.1498750521 696232.2857240423
45073.18026585594 762958.2265838967
465213.4960483638 90003.19403926982
55849.09430784191 911867.3147746952
662355.0744324173 80902.90238552078
114854.13457849291 350555.0356761069
286803.13385802926 675342.7075196984
205093.92486518362 60271.52249173473
327110.00524261413 626175.382214356
438958.4472819008 617828.2515702955
237919.42437221057 764727.9090818142
73187.89624528366 89084.96648652364
681123.8528126039 827392.8134713102
877326.2441099356 741913.4741025149
471563.17593246076 870571.1870927886
744061.076750149 737711.6033278516
120783.36803604239 125412.79668825456
632126.3691764179 938217.9651865558
779781.6061524553 657689.533302727
979750.9731724436 667253.9964444989
406322.92795245186 659597.9557134596
462077.8101441707 864684.7022193582
739712.9546279068 810438.8544797141
662404.8115575921 657255.463213229
864538.8257483229 332104.247005917
644915.2706106071 435640.0978759779
110377.50448412365 660346.234909513
323309.53360008396 715183.7665685657
11110.206334654871 447982.56681536953
284777.51444442855 859095.1199768465
886074.4702019506 336279.6885354081
505912.74925815465 72091.16225573809
370923.10359529866 744695.3375109951
545333.7336696987 299247.46595281316
695557.9375100379 191645.47838623836
232890.9324533557 332543.3908333708
13594.808027479367 50461.57995887013
638771.6616634219 380784.5021819629
795470.419735627 447468.7807781586
10395.570551196332 833150.9130364793
713626.7607169441 986422.6126181054
980062.604565799 611109.1845082291
279701.44350089156 666991.7898169813
619210.1543964791 896940.7359500258
100722.80380841003 270595.7229230328
966300.0851598786 520000.583470035
551317.2082239226 936738.0517077687
315799.3104508484 517707.773012268
216373.88553031744 983027.8028179134
541751.693971383 958255.9615566055
263141.5874339804 782263.3768174174
649179.0695382887 659596.5472567186
268577.349042037 753713.5102166487
376723.8590291023 956104.195822826
956388.8051919297 819905.9515031399
855043.8502923405 960228.1052101125
547005.7556701156 679125.1381315191
463748.7304058882 153491.14055151603
383281.34777537704 837388.1406327704
534936.9258725777 138150.16230632883
420781.67282916576 571930.7169744432
913526.5782663028 706184.326796135
428533.0733799355 617822.2238088833
682426.5892471919 575084.9429577504
840396.2367996459 186680.86286426178
209345.18500308463 554347.0184064424
582859.9019886537 992468.7548812305
814906.2440400778 838259.2733649357
325664.5263456291 280269.5046247805
432173.19787560526 862895.4870446109
94012.47028844895 110386.65334491771
692507.6920927474 570589.9500003716
157598.1166873306 613758.7281891516
540831.4487932487 962000.5829956814
593851.01363856 632307.4121498887
697938.6249891946 628501.1341046151
847842.1467828476 388487.7587094454
150853.98491176084 162562.47175172312
22603.87824150967 862076.0491771187
208691.65185484418 904653.9337031299
781984.8668531531 165710.0979034416
262753.6097627281 764954.9453252458
233489.34091593078 869000.0389160438
466387.890745372 927915.3639648416
859125.4625858273 283146.12503127224
51783.96624828652 280497.46006050194
372254.46691226074 176875.31272186062
613841.1810892678 117483.16922213309
810764.0745843331 804837.6915479215
527477.7729433834 299013.4860331668
985908.3269227014 168256.85448416183
865661.0858893355 668861.7499028895
464816.3561890859 305293.60654197144
434575.2523199333 182668.4368728265
165257.2002421524 530405.3609051025
223179.42436133165 325294.5446849225
284509.96954088635 180849.81820888756
45141.404998199185 854694.2172614178
967720.9936137943 39225.11207557755
816010.9209343237 108905.35147253876
721225.0482429615 475475.2192222687
963350.2075883605 47417.956382971526
974389.7161711842 68330.27659683666
242790.2877562439 959645.6708453397
508276.84153420327 264171.553126192
600221.6337259474 798843.2120010055
515912.0559344964 118757.31489460806
102042.35785441574 84582.53754310052
675709.0556013321 771043.1602163212
327578.6855407408 286875.8872306688
542157.2869716061 130046.81483903535
438605.7261656793 587978.3970742086
62779.63556239896 358561.5730476872
495447.13668721565 574635.3022746996
620651.7728756315 587113.7060805432
303912.4918693613 671034.4500852546
729661.2554864197 900954.547691476
910892.4928879702 138737.51081674822
760578.8740100317 726281.4419658987
753593.9324265454 653979.0387481988
56971.07991935868 473322.6391062654
241660.93521926092 728653.2550529025
538020.1303043736 358694.9860743203
161860.66149976564 305357.3869448235
403525.88123902865 946628.9764916254
785894.8892833036 719436.927585878
869922.5433691551 313566.56241596036
559544.4303514689 135481.9449048389
258183.47191519785 860451.423853631
324170.5739938573 350628.1378230306
910873.374731233 352657.53365130606
9913.057318471363 185548.82940206106
565681.3291800988 94412.20079106682
95683.22742696811 807996.8662560316
571146.4630167913 115103.02336133138
116437.83654310569 154499.34627329675
635886.1570244889 757439.4257741711
669906.9575609297 55339.51501529932
606594.9243571397 136625.02521778241
630812.3025904414 937638.6473521255
75218.69112572844 307935.6835189562
831843.904783817 536647.7496565408
614166.0754335731 611247.4282584812
84784.49585853309 331757.56685123494
54737.79269670087 156440.49381820447
817193.1060736236 399510.3544774738
495839.36929896066 474211.83337524685
834839.0299840022 332030.5621058871
943132.0365257981 842491.6720794968
599253.3411841056 881509.8547928467
453422.79041565116 129010.17951780869
971401.1002372032 19358.304369367586
769687.6847178208 43717.728182611434
160220.59426564438 98704.80679517468
684696.9002860262 590746.4425381927
426591.26134214253 6634.898507006493
522490.31215110695 994101.3525938105
421815.4079741178 720185.9796178925
839518.6401997536 136959.4997354452
675673.8174568964 463140.31394770794
410681.44303088996 289382.4621817649
484538.61697557964 596117.5506272676
337471.68275078764 947793.646492224
29891.61313830413 946232.2151138894
833774.6678786541 312103.4118625601
622153.4473140349 784409.0974548272
977324.4637160929 430371.52899004094
712348.8275289829 497091.50016952906
110213.05635820422 982262.4850635296
430083.009611942 205356.96114873613
74228.92844102602 136643.42406601482
275980.5572627434 396823.1269350775
649026.8947057955 732876.4139259154
289626.1980929364 560397.9817650466
828437.3706190942 598436.4646188283
909104.3315698017 977318.645866183
305081.3536183553 285602.80450415367
460656.6336287609 626156.1141952656
801446.0249995047 516123.83213104715
72197.23491672681 505644.36631227774
754499.0996867893 907897.9028168509
66557.67388143607 787618.7273978627
477162.92443979956 318859.6037365715
722641.6636003265 630537.6607037405
14577.28518807655 330890.11532905087
241570.5382078056 819301.5315667754
217441.38381594836 818946.4278675317
381302.6606697145 961412.7054804682
669794.5487266564 385932.05507465324
459767.80597709876 656812.4452513964
67884.09803485917 30296.315969475574
936812.2039176992 244880.31052020664
575288.4145432942 152694.32292665695
871194.4215818574 607593.3396846558
549378.3560175337 125122.83443564798
44157.18460781315 155884.5324108976
698672.7792119673 55084.358755403075
362101.241298351 602853.9797370924
528148.6656438194 680519.601301603
854401.5817034538 728339.1645003362
624483.4028782005 653358.1516508602
534926.4472821162 452508.80014840135
883935.4656922945 809755.6517545683
515948.3093267623 52418.12848363614
710246.8253311476 185777.850633973
534371.7646137002 585729.337054139
441567.7596832549 960451.3182577088
653482.4541841045 299352.78409000445
940899.6261365657 796467.6466068182
493840.0046720589 100303.70204811923
577851.0229251564 182600.55541887
394673.9069053391 897862.3862197478
698172.2727391268 727028.6227092551
936723.9715062857 5756.7765569573885
961513.8168863127 399035.7801633657
490501.8634870566 809432.8657412765
218953.3015999542 667326.7315584142
321612.17317806603 706031.4551920983
31968.906826747025 817237.9399512574
787300.191475869 341214.77019993286
816032.9146159627 415651.18909937626
133566.58461553918 350068.90329075267
793475.1937824009 973969.6060601948
708189.7284074689 167734.429392004
799256.3421365978 138771.71907864706
793813.7399056703 794917.6363831793
307295.7380219441 701577.3023434804
561781.7295609247 884239.9520622282
575274.3109024091 299827.94672954036
714070.4220525825 358891.57545143814
