140804.26505544985 954267.5360524434
519770.7801353311 200652.7458293974
593499.8193488757 342038.38836754684
29263.111019019016 766039.4627787288
918850.9287474296 446341.9084900175
529295.6561273918 714979.213530468
768556.790710327 986907.9529792569
439162.4619901801 276690.59917433
419790.5765132297 841127.7772446905
722146.2536708763 863132.0489142364
46450.787295063135 402594.8882952294
74977.99214613432 430794.1097637602
598249.711414442 201424.40152496131
413326.7398798921 295182.34434582456
57415.04103984219 880033.4154731684
748389.6895850213 401332.48110080813
412358.39256807836 368144.76428325684
682697.452476352 22775.86092134343
645642.827265138 778984.610483723
937062.4910352791 900103.7907625026
496930.6763105498 903647.3261838382
348428.42510032834 212351.5817201368
924043.5646177111 979288.9988236141
191948.31377561262 151992.1992349209
493183.01339039626 474916.9195309768
4813.173250231562 729465.4256414053
880247.483344531 862258.5123394623
428731.74149520864 451205.7003308846
781865.6321158595 710964.7216976772
306195.58649875934 13960.76716357797
684236.5188108876 813927.8880513749
403955.0907971993 795343.5030183381
611687.3522209427 799193.4581890559
57097.13220216051 540899.1662645882
340547.26790945954 106427.72964286362
320881.04401479237 214893.29525882163
596287.4484573465 475152.1826758902
696727.0992100696 932134.3888620749
781079.8266693463 533241.1242675412
182780.66772079293 95526.09057086403
140253.59714916174 637846.4035034402
227407.95577037663 371301.044028738
352269.51833235566 354633.2758571131
974309.3080549153 994817.1155013334
367622.7862564393 507448.0564732589
834416.0763582967 988250.7249329989
23454.152323682865 667835.6430439709
220.95575578917615 662204.4279910614
542685.1718953153 541552.9714146607
788729.1601555147 188285.33400870216
319718.0959567383 407994.88195855415
162469.36991353554 261970.75851989104
538626.0948132939 632256.3785490545
182528.55343576657 505634.51493636833
878883.8382528883 629151.8602760958
271416.37694448396 681877.3644310625
478237.91751444153 254770.22671405834
638304.1844274418 11934.588210263275
945260.0992862429 267671.1203167933
411457.97524499736 249661.069956153
74933.03687962693 922009.1838263738
308032.2911431198 984313.3756100445
159514.39580395143 631150.9261354235
535275.0859710418 607263.8005650163
397974.84624611447 703297.259308517
614033.2524340326 411298.2742294484
921231.3805152822 33443.83946954388
202636.9271965158 658525.6207721945
361482.7584635276 374219.21976593864
893805.5773198431 115846.44711376225
920496.2995374401 463563.7606885831
996406.397378785 951600.081309885
270817.90072372014 928435.053358621
698966.5972931923 459066.37619921943
197344.18419501965 502210.3346871679
317130.9831061799 94885.3026267712
502724.1240098972 825302.2139504646
33023.460419874915 575495.1637918238
82495.16137078349 2303.6899968356115
422418.1126051151 562844.6042343378
339108.8925441843 63180.47778945923
848631.7720770043 925857.0096389799
681746.9675154395 275423.5882780083
232337.42727197337 576116.1777288273
585937.3391675992 464813.67353843903
36452.27296375808 911731.7240177908
346531.2837059171 630243.0728429451
427172.81505522 167953.94060070912
892333.8354630681 113423.14881422855
337724.4653306286 178096.85344524684
153868.75515263766 396696.3637373312
546643.5884436785 209953.91466867496
848750.0017084668 605523.3296799919
940780.163304251 578816.9655164047
581971.552716701 98919.3956359603
249771.11056507507 986392.6621128354
852071.2386610641 82221.30644423742
793157.610665107 372110.75431059557
924189.2472660977 443698.3915638049
348080.16850120906 909286.1185940935
300773.06154056214 231971.91242909044
242840.56433945923 210775.03627637983
853164.7290585067 921968.8446277042
922380.1777617482 401000.5695542982
430740.63062330993 785920.4907674302
405215.8837313976 325660.11477632675
61534.232285175516 325048.92059486965
99639.5372921709 273512.9681444097
82490.73536624607 165025.3197166549
888485.9228251781 305814.0822597143
892857.5775285448 720467.1064055623
896967.4875884062 391762.38724101643
321715.5203368517 333638.5636715652
432584.0579714395 715063.1235577995
608388.2012336456 709394.7478863691
24419.410293718858 388213.0230299581
220873.39690659315 575591.3708708603
364544.87078999495 738585.795648407
258139.51006813906 714867.1429420739
802813.8270482452 535700.5418997122
251518.40325320317 811313.2658062207
428.6750970168285 647271.9697054173
607256.2803101013 513311.3362249926
919825.4294358258 666310.8306239437
300147.36143541476 530970.6802349188
632598.1435312532 286978.15118486737
61947.20925689845 305452.81269687606
729872.7342637785 623957.304493499
118477.16453137725 295150.7859077739
228605.98869663596 224574.262560434
988617.8224074381 337784.4018313613
936157.813461228 409395.437028525
823465.5810921594 415911.23995724856
734729.0886324015 366123.00777555763
541351.7980892694 641053.5880814814
590129.9774700325 964989.4729849297
106940.26799933809 929734.7369197125
62964.998014487624 901064.3084165071
306071.8338783925 927155.2035213802
450638.0600444312 85141.94975205492
206794.9040727266 628332.7798406223
278248.02215778234 801184.3813626932
940085.5335459332 458299.42223989253
799116.4514626212 227978.04731778282
907462.624523081 137393.32067534095
448611.13130746566 669333.8755694298
767341.9483569866 819811.4389574624
23390.090373230698 347645.0137117352
907891.2735595173 242565.50856139782
551029.960210318 391211.9325514569
850098.8118534515 249460.97410293232
595975.6989033599 350794.57122079993
547111.5594895072 764488.8768462281
695498.801507415 506136.1034291064
118597.0282823623 378723.5747829596
497735.94706598355 447588.98704069527
726079.086626901 234693.54254473385
946469.2437990772 344796.3894061885
405827.9299074943 367458.8010520863
64093.726752088245 774326.6091366777
473810.083657511 838717.6254330045
400163.2208855729 242366.29602969627
380833.8538682697 749445.85433112
311481.0410780812 626974.2875392652
136692.4572966468 497525.636810771
408529.5541483006 557759.9460835906
985057.5845606377 73030.6755649297
956525.9224682437 371412.90956324
253016.51692748163 760992.4380706485
497509.38016761217 825127.7925905053
732924.2738973899 293373.1992047138
688290.3357009261 261741.65987798315
947864.141726668 164199.2350917906
431493.95424191694 773719.8476336859
170446.69301445226 786654.6438517862
170856.70070671765 843751.2109596467
629991.3951410864 32788.489186618586
620123.8368448912 204338.46926872878
540455.5641910698 53567.69459728672
861689.47195005 517477.3017291593
28430.066228242402 169029.34142554525
121181.5544332825 440799.0940206763
478546.20774194447 803271.3900674247
614493.7579312294 540076.8176879346
488662.713950161 204830.47781161178
849203.9099928265 48212.428681475685
349361.4349791749 767328.74758638
625240.6045626238 989300.0001084758
710027.0712167952 292534.9334443721
708148.7808672022 59327.44430118919
219912.5307650126 540756.1625286604
983451.3614112389 724897.0461088778
277910.8610128899 852740.3574780133
310770.3145949636 308295.50422114413
956998.5401839638 415861.2965207655
647559.9625781282 932330.9266569325
405072.40016720333 865251.1114360954
460514.62033898383 329631.52906358
602317.9176434503 488283.14445276663
478237.1415066328 442443.68406188564
