530365.8681558901 658573.0720952398
681735.2130404873 490086.2804004321
696335.5673879046 465737.6056356908
905394.5156340684 250778.97797947057
127584.25895627546 818648.1734165084
509928.46420678904 93177.95870335154
791849.3584088695 897460.6915811592
361542.8822874965 547480.6523260055
871448.7983893373 766551.5965780623
702961.6452371844 467943.00378159183
77467.59578602458 614190.5175105847
23087.48557152751 214633.62544961294
798770.4602406046 412398.81448096794
226978.64214462537 735201.2414821228
910087.5111229223 846468.3564696234
30840.591255972715 488455.4077416273
629504.595215601 14723.311391690253
54519.86579444401 894722.2013608078
660357.5481456222 894699.1170873325
801115.7046987923 228672.7639274374
614537.6888592164 607737.6203447289
631902.5839857878 63955.4404367082
439508.88643264363 927528.5762319653
802671.4792976894 493639.75474881916
292207.1571894267 980500.1346357577
341582.14710715273 342355.45102958387
978377.3872988007 490831.1364669745
374027.9407632643 977925.3513429442
794101.7702208911 122614.05518819235
373586.28270110785 996098.3988193909
838342.1385339468 521944.4020022872
493992.267952003 578080.328422278
849091.7458706108 687234.4084500821
380383.056904488 417026.4245565931
999408.7046915136 560217.0876161471
998652.4308777634 556864.3893756934
439489.73466712126 513546.9604092154
765158.2146366587 18139.930848091735
170851.42295425193 379074.6450441134
890671.2651614676 832944.0033404646
432793.6987653136 676762.6821236317
603832.6036769872 689932.0251353807
58692.835159799724 801923.9462904951
443906.0862185473 563105.5960303139
152012.62627823342 259562.09979530564
743223.4276519936 432687.9956808115
705714.4262703579 904052.8285749935
125098.57529526747 118920.98800171347
804710.8068429922 349774.23099136376
115254.43503974142 114161.52358696573
211366.41927348977 247241.97932005188
378308.1367189343 341932.13765212236
797851.5097592833 549948.7345647581
480739.03353037295 898490.8206792553
825809.1423727782 606764.6508256808
323950.26154872595 179164.45286853288
691524.1827561061 288138.2903348982
536538.3164320703 659795.3485418991
439598.4423859157 190300.8695535058
895495.8010352696 455272.82694083935
894923.0695158981 936958.5724071325
378137.427937307 440469.78347711684
416590.9180629235 191953.10823962063
615994.3231924418 831917.0698657554
843364.0300416028 385819.81664206134
238491.1270095462 161922.2669566489
308033.6343253195 40593.34783013735
60287.93826178791 579404.8564702693
41335.297362570134 676473.1689700201
651987.4575444204 675092.9180595849
620669.265824598 223798.90034141147
472829.5088885968 973293.72759509
558123.2983907408 342538.1612065127
402906.7806511296 125503.81661969656
985076.4638581708 562692.7328629899
829761.970653649 155719.30015422386
646211.1824760827 846856.2783071358
863901.3213699238 865389.3368896435
848607.3869730385 823394.9734276343
900401.6206164013 595733.643839735
527367.8441914165 974833.3684227093
411729.1421406494 710856.9338758476
653188.6143339731 916968.1390259176
629458.5433335361 408768.20202661655
809841.0517010249 608370.0901986082
809867.2507656562 122763.2401689559
719249.4044870646 337709.16161278443
993398.1423868559 268023.5290101813
841896.5907630651 834137.0112323406
575094.5689597224 206608.37996521764
946741.5536059467 72059.22948910404
389558.7301129735 954270.5021965634
976623.6979806673 569750.8519823431
993240.1990787974 67638.38423134317
688053.2948599319 574557.6640121085
686856.6774367656 936793.7642297666
448472.5111656513 925698.3726750199
149439.0698448652 173782.55687411604
334264.8768485681 863322.4344960713
471810.41065684514 911797.4395862417
880190.825775638 711456.2981690399
34966.74346122875 729375.736603166
691029.7373743491 107190.35782270259
313238.5571560451 705958.2268774031
513531.71935693774 446916.7564546476
613903.671151998 555220.571542598
127186.51850094653 638048.847291872
508224.52601002087 201664.13138826666
779166.2835726797 449772.8805537443
312923.8186593061 610977.4129928383
111142.41905962907 527586.7027855808
668521.3994960311 751928.1386141308
960909.0870227381 571404.9128147628
469267.3229603055 947885.7138617551
735430.75050066 21448.160047726094
524442.7972608911 283212.96801590733
549569.4598562907 325594.8219262471
335913.1952477551 258994.63637029362
213253.91132106163 526776.9483504724
275094.7229066345 266176.7963642169
397522.9384699894 327458.72133516276
574191.3734250712 280688.2867549908
918345.558576229 153929.54571503526
70413.8756876156 836.0737884998138
702499.2608290777 201674.18550640126
401600.64245698025 279516.63279418537
859835.5885838474 127770.54897202256
369132.8469671756 863672.845064851
960936.7037615061 851048.3665066634
531285.9289778802 175495.594506072
803941.8227596756 131401.9230076615
464339.8432603567 184724.4786756025
759290.5368262497 875766.8125705342
409085.4081231056 521676.0738603394
806437.5604345768 753310.2958667392
823373.6153878446 320092.4599402739
581681.9761501963 731311.3297223101
365952.19144206226 209914.92328265548
459474.57336867106 947441.2106423624
85209.57870953716 644840.9738691823
137578.88942273468 538277.3267048955
44541.59128839819 982698.2051587485
292490.3980938842 110327.79135837212
787502.5252495 663868.8767715769
724201.8413070366 183153.3599580103
913619.3468030884 143645.1033698155
667919.3544996703 192760.05392653283
715251.8797316807 463036.21144529036
883540.4427484289 303928.099325546
861890.9786177446 451367.42496940994
948198.933200327 709893.2735510464
840406.2716379893 948918.4746175692
714507.047804951 459426.31253167766
843113.5844201128 161504.43671373304
682339.1148770438 459171.3117088375
316469.5856274813 436662.50098317413
56581.61697662156 956901.2999430163
706335.9502309642 972575.9690458169
363701.4351389475 21112.032919145873
503158.27617997734 242139.76205260502
678242.7683236285 531295.0170780605
324956.1323096072 184759.28813463304
115126.87996989313 510499.0412308584
252542.60480527757 199362.5808843388
17562.733937990128 202358.6658509061
610409.6602380829 41781.634900386554
48389.78822870954 867014.4403772966
223090.39804899078 288904.1503727261
32869.777597771325 188140.90935418682
883957.3184900371 333527.50420287147
557142.707801566 842864.1189056454
490252.8260136092 226709.28232176858
398631.4451163796 792554.4269440003
867272.8124818447 993022.5579561631
117119.36701107262 776630.1815197468
735386.9645280484 990209.4368992143
943436.0151906441 389579.4362730106
25762.16059833547 123000.35114941277
364258.39112920634 72201.27447907887
130976.22671555898 201517.79889266507
953443.4469300986 342587.9498882054
818819.5728488737 920579.6432736252
332146.5490651002 773711.7426846831
648045.5499130568 658157.7264977711
582416.5380745663 330717.4646219657
836006.3080486566 124245.78142334863
251726.91985115592 535016.094440464
803063.9402283244 738892.0317390169
904935.6048749386 180045.1925829053
495187.9691918324 72233.37927331131
31962.196242683927 370781.9915730717
280065.8292987951 737644.1599135132
371781.2805415901 390096.19682651164
697646.9344358986 526894.9742579536
847249.7041001084 844720.4646844558
964815.6428500441 717599.7521186969
943888.3654818794 14386.414511696643
392642.4396234849 831404.9347622276
959256.8602128592 783233.5132297124
396109.81628408836 802336.6706309228
973976.4363341099 156144.4750909351
643135.7334410762 435521.01781869255
754691.8502393976 460110.5612185118
952551.9216307806 82800.593666709
650311.6376274573 368586.6220349345
96176.29606812251 892316.0940181962
10895.271519429927 830390.2155675993
820527.940136142 468311.1152149958
278307.35788730823 917881.3060163741
72635.02328758143 316059.49079798
387254.5048798587 711149.3466818968
74941.85886604976 683970.7610200531
636520.6074837609 952038.6961503131
25043.4077609063 97237.18132323766
949420.5641071481 563621.9552346125
222944.15997563844 283153.5518937559
98409.5286874146 885742.1287454162
398557.43576201296 66046.36070039948
9892.053585599304 714962.4648206951
325540.72597807215 287921.7102163979
914857.5510123748 57481.746927554035
796016.1002679537 551384.6880563846
903496.1334004427 426001.0652958366
408261.47433697537 434542.30632860947
938657.2977160476 936762.5244582447
26340.20678911575 341264.4750152991
245287.67711976162 569105.3461441367
722270.2029304813 492088.70330988953
225872.10104945354 511365.91992299363
776689.8315612026 859952.781407871
176353.99474948298 969462.8165353643
458313.29004524334 76819.19859271658
759851.6780644369 610558.7979530721
476960.60038488463 787878.3573635392
236505.32708180672 355924.54236801784
731200.5782358458 201157.6586456757
294798.02027611615 864902.5501452576
676464.2690091091 514035.783095645
203910.0828446865 956054.5592730955
373675.19746620057 640823.9965028568
877533.9652145087 803893.787444145
372563.9785087168 981215.8055234456
920798.5952078326 719187.3238311158
414083.1199929408 952524.1128758934
488890.231253044 916105.4594924196
474594.6879885724 165842.77930221113
537129.606548159 782207.0921683378
488665.926671579 71276.87107724979
412055.74723927653 161189.02900833078
182034.82398504266 457527.5417779224
930684.7671695526 563713.4080882224
516793.1368520486 894079.9723828336
300039.84984888753 785286.5083524974
916317.8114853832 760784.4286356578
296700.8925717294 941223.9828120832
341826.6512797982 874210.6540366663
19724.69089557982 359907.6776146847
427326.8842471144 883718.9557824237
843807.5799313814 816011.0613411318
331921.33721136354 783579.9030811933
