261582.91068543072 657639.3355579084
818026.7131075023 950926.8455959482
533572.358542006 80995.70168828107
249370.10078224764 496305.9647835463
292164.58081266703 667816.51296711
148611.73427079056 52808.757181569636
517627.86394557625 135998.87879541705
628095.4604709058 901516.6088139414
215608.74407136676 925991.114051569
829987.1632891919 371337.720969959
709830.3263769327 219930.37013017669
701224.157267697 906738.3426191664
981730.0721955397 347196.9549458833
339121.1823565592 924651.2026160847
350050.211036754 724522.6996027136
435424.4896782783 995182.6424232352
658646.3492886107 849821.4915842378
261930.3605095753 76710.9114959631
941558.0615592066 65126.39199818371
417814.1123026372 642914.4233021912
58710.86989357033 318758.02835775545
955984.3097242648 209356.11898141238
661986.997848457 347177.0271963355
524637.6854787973 555842.0568946298
756465.9657199932 765742.4237054724
279838.0546804138 688173.865939615
133038.09590910852 853628.765123982
476095.3820913675 551989.922197363
360770.8795227791 676093.56312351
493028.862119381 310764.45048436354
340409.0996661285 466561.1400298917
922159.8105021821 199541.1015038945
351622.43280534324 285443.0668243535
392673.78074406856 817348.4202543298
299469.62601052906 167645.3640964748
1607.9463625726653 475598.99461421993
204645.77723009826 41163.304079322006
303292.2022674438 133096.40283131684
43039.085932963906 574933.3925742669
474711.0768630951 411519.255703394
917247.8826706436 81596.9335362462
338525.74076522945 569908.902168853
414401.99258644914 968049.421329411
429571.64674239577 793397.2369034791
227015.33900037952 316411.0195853494
123826.72395224114 972246.0113436248
759658.7596974053 405782.39024384186
785128.2480506869 835448.9901292633
557918.405785326 467990.7526353666
10231.051725859586 138635.9817595062
647493.1598107028 391200.785938677
608358.6915014018 146288.78891141128
569655.6477454253 331271.0424599876
407302.1016302919 342526.6239453025
569988.9921462055 734615.4237366689
347523.22034658503 201857.26937444138
188431.57945214096 423957.7740621121
516685.1075949325 270027.27071461506
763633.8784871146 879597.5874300629
684066.4210376514 923989.8891231826
978364.9501473045 735977.858235591
152961.3310958501 95207.30645404429
680358.304064424 555024.848393957
375148.2775038143 19223.069942022386
910461.124550884 595006.3139941075
322853.1687263902 143048.34589090644
383150.13275686913 300903.4505655461
686952.6548912335 392870.7546668724
34241.30319319252 579313.0497776091
78473.19432770794 23192.97297969769
433513.3686309202 875328.1358881411
456333.36006203905 709360.1290062693
871643.1633843658 893401.0877187259
836803.1000386097 861397.574989834
892545.9911413257 445235.94414592604
290041.57863994926 788481.4785027723
755378.9906289951 889417.3545300883
109393.98471131524 253028.28722458004
391587.3572723858 988413.357570594
86286.79939513339 473286.5284054688
498902.4498164681 585717.6439220407
132296.58151541668 426735.82735195936
71736.80817244755 808496.8174506519
492905.8757472714 774550.5689192788
322934.70207974274 308740.4829944992
784733.5849034195 890671.4907144865
954337.909794988 168722.2938216215
481131.8029868442 95216.21887201726
138811.51075186615 577858.0816463728
348567.5550500048 6827.436647912966
143299.95964727548 695971.2462428609
707532.8288576284 841800.6817379405
699634.6798887197 437607.83616954193
172567.59337451134 574118.2582286317
627536.4891083462 320645.63846805104
175727.60708655266 652828.8466564735
716538.9804069728 9611.867886115011
923213.1230073184 678367.097331534
7139.3074876788805 948075.3404648124
890019.7110343049 684462.1005070958
381274.84755456843 580770.3364410884
550942.6472071627 619842.3945687267
655886.0811617937 401340.5218823861
214473.58489814462 824600.2598347102
845341.1328933217 325983.91960125405
128233.44637115364 176070.4492103551
260076.7472712504 225499.9378563364
88394.95274060727 315496.8844208459
138599.65726754296 707317.6952682317
259370.3730443424 220478.64836266395
553627.7431250467 435746.0537622173
640422.6032294991 556449.8932261117
833788.5637874065 494521.8498201521
546433.9190200828 627326.8935125489
292815.5580786487 951776.1107440358
68485.24219195606 335914.4978468229
897355.8772318097 688343.2958644484
372395.6411235 565542.638755315
755649.0305691751 482129.5993466811
448361.41854267765 745164.4536483925
664.2067806539309 467456.8200192998
972538.8404255357 805601.4001622219
83357.70361710303 820785.2189591951
658492.9843136612 741811.87416553
901619.9058268575 733931.6895752002
980792.9452047902 32420.1713768818
944665.6918229907 131469.325554897
788026.3672686628 765324.6645603478
11938.208484850387 598948.2310505294
541038.4812520896 539840.2740928466
361494.8095344579 545849.7298729424
587642.1931306283 790992.8147793083
604688.5451139143 374019.6431146059
446150.4593544181 22558.198400833728
528712.9270044615 358001.5208308899
251316.4664003088 389429.8687376101
950295.074084777 837485.111353768
206710.36268319676 25898.995843078865
787603.2472596038 96460.04051312184
455707.8909375135 578682.6710044033
619360.4090245612 718252.1254050946
820549.5734535035 557201.0097320894
944347.9368879846 924302.5325398719
563338.0456263425 15132.800773510313
49604.73549317168 750907.4364279085
999970.7598855644 137393.08305990684
841762.6015621659 586511.8410178651
522170.98592685774 823618.5809420121
577060.6844942697 138719.18358533608
973833.054101688 929414.1205283568
480578.78390249243 196936.11391793663
746996.034456754 807110.3418337663
502955.3839774512 244329.47010975724
361116.6883467098 741536.0825806471
983861.151727637 184972.89025734641
501943.1116901294 812288.4697417237
953228.6433910757 891003.907151345
639645.1846610631 909773.9615067134
228109.5985442142 163119.42320609963
462608.1041758192 47757.46320910712
281391.2627436036 403347.41192261793
862918.8226186407 520648.9706411963
451160.77733900154 123648.77758413296
26485.880369704006 246553.8676340553
244030.55984350241 582514.1485226379
164745.84936293325 406553.7531233906
587650.3062565154 830459.2350841014
210298.230428438 976334.4340899946
615749.3730322161 522385.09450406634
905634.8122477729 484706.6474132391
595508.4282341917 378650.22659916646
265199.94040937565 789525.53082495
855826.5122890586 789874.2459641582
481976.883608529 782470.5231502414
68360.58450889603 652181.2775874423
406524.39161617693 456648.26129922795
71596.07773165955 413571.17042933154
499460.9818261061 72198.41877788346
187206.56476532837 124462.26706507246
438451.6441632013 752549.219763725
772307.386593398 838097.6712998166
446168.4084267982 973683.2172106337
863363.2073652042 380099.9199800599
613595.6447342418 766268.0360413042
345935.4481833233 969865.0485666125
834054.0032407917 241717.73731366085
814219.0500465855 237620.49135712572
936933.647740224 786672.9218736814
273629.73772533616 31086.68345983734
930487.9541290572 594334.2306157316
142531.00230395177 744736.9242667982
512260.69375549164 909532.3333559822
904989.6154773486 213139.19973211148
980076.6450101185 318897.0846597955
141319.64386042772 123653.27393514902
598736.901164823 898035.5999878233
370284.6206937644 320570.6036608547
529460.4800696477 97166.04231721771
187478.99432139593 533117.0546694896
355967.635073144 529605.1615427549
383558.2524278043 46327.68181075209
446828.15078958217 282876.6336342578
648647.5993100412 855990.0922484893
308003.2069992659 158684.4355808771
954642.7219723518 888117.3438590326
995938.8484295949 59673.23809678271
73827.52343444798 367820.7071837967
819848.7667367243 752530.4110778336
462177.2795326118 186245.33655604147
433377.5333081269 780013.9067544842
765250.8138801767 888901.8290993872
264678.3725596665 290671.8585041622
646919.769349443 871682.367465657
921373.4685850478 125256.6042294615
629533.4108959204 937607.6644617477
249106.54529268862 424900.36826318654
33366.64273498369 598405.7716464614
362719.04549226974 730774.5167919882
120606.32936804838 825526.7570827756
177902.65040886612 142016.51740788567
973422.1590614768 535737.5169224032
687707.3652386131 614993.6498912987
7798.596389264057 732917.2284647151
758545.3707197661 759648.226830716
919148.0400385641 103742.69691186555
149751.0368445828 625322.7877381006
873382.452130618 948980.3439005313
872198.3743183612 196291.81414948383
264.22060119235533 716090.2411522494
569721.7738141414 474268.78617287416
84067.18826788073 873261.9190571046
403359.5488842242 492162.4821247869
237566.74562628887 379263.1395171915
628100.3112952824 571396.1150963822
602237.4429692891 98839.92934088259
889503.9358060964 524269.76870131557
392923.22158676886 793579.820829783
965966.647962456 701494.5770883732
573171.6047166317 326834.1598720281
23536.37078103421 219588.5023185058
104715.65374223035 434074.8688713523
51910.96179404941 838918.9050184542
859788.919984418 980858.4333238787
45194.264733931734 931850.0214808765
879444.9845483172 667643.0772255266
983543.6586642246 807991.7318891971
482516.9244492521 723127.794912404
539453.5574155422 465386.13638462225
509638.70774328534 76662.34323904198
456112.4169945342 944688.4484482057
84038.90679556625 846249.2625716088
112406.84442952808 366737.22984464676
68542.05367714305 307123.9879038732
629176.1149560275 102774.8750033286
509370.82166222093 433887.26494724926
869133.4734860752 736422.2509680564
393923.5052764993 234162.06819676422
398667.25051761157 866788.9570492546
210345.2808360218 32275.183912682358
92659.995204193 408094.2388189347
824229.7707191423 99209.72890296309
127313.35848660796 980151.2533573926
265765.2614221978 519516.8440117275
413666.3941110347 651386.5782743718
539520.9421588664 737134.1979792727
863852.5907572401 96879.16046457889
192985.37993533528 250554.6293266634
564981.8149152845 725518.6981526831
307981.6409908742 341269.63560216315
222099.66945485715 908785.6797492125
347526.73013443593 339216.09335337556
459052.3803178196 865053.3688007583
757850.0441327618 981647.3993273282
512482.2013849379 372452.5833080619
466048.274760656 630276.9483465943
77778.06016835198 973282.6024509972
403553.243360189 391615.7555228043
461312.5854747983 545927.115943689
994948.8018715344 3794.82950827148
573105.5497169066 789126.7678679003
608970.595278695 900575.9315518546
156533.86337618125 805059.0271461431
954364.2957778887 146443.48864953904
586596.394988419 275797.81679705763
860321.9120536554 508577.7738410604
482685.99196123617 1900.9815251351813
915296.9001690899 768470.5368362742
119201.35555920519 793867.399864526
446534.04909959296 309877.42063635605
882124.8191748828 342858.7571697123
81048.2625005099 734646.539571486
822165.9016741118 9191.47717440727
676862.5262648903 402163.18416227493
316804.0863687636 291943.844559699
868479.3086894004 434675.96670346323
511172.2019292544 666851.9376388
340405.8202271185 295717.0063620944
981140.9241365087 914610.0347732236
914455.0157830287 301743.77382893435
860541.8593643222 943315.4958455147
